7.374895756944444729e+05
7.374787409722221782e+05
7.374625451388888760e+05
7.374596888888889225e+05
7.374490909722222714e+05
7.374470854166666977e+05
7.374454208333332790e+05
7.374447097222221782e+05
7.374407048611111240e+05
7.374397618055555504e+05
7.374396784722221782e+05
7.374396680555555504e+05
7.374394534722222015e+05
7.374388722222222714e+05
7.374382754629629198e+05
7.374382753472222248e+05
7.374382752314815298e+05
7.374382751157407183e+05
7.374382737268517958e+05
7.374382736111111008e+05
7.374371097222222015e+05
7.374356361111111473e+05
7.374347763888889458e+05
7.374347743055555038e+05
7.374340708333333023e+05
7.374340666666666511e+05
7.374340645833333256e+05
7.374335777777777985e+05
7.374331541666666744e+05
7.374329681712962920e+05
7.374329680555555969e+05
7.374329472222222248e+05
7.374329458333333023e+05
7.374329444444444962e+05
7.374326118055555271e+05
7.374321973379629198e+05
7.374321972222222248e+05
7.374319513888888760e+05
7.374313847222222248e+05
7.374313812499999767e+05
7.374309083333333256e+05
7.374307381944444496e+05
7.374304027777777519e+05
7.374304020833333489e+05
7.374304000000000233e+05
7.374303993055555038e+05
7.374300465277777985e+05
7.374296923611110542e+05
7.374296909722222481e+05
7.374296902777777286e+05
7.374296145833333721e+05
7.374294861111111240e+05
7.374294826388888760e+05
7.374293916666667210e+05
7.374293881944444729e+05
7.374293862268518424e+05
7.374293861111111473e+05
7.374293854166666279e+05
7.374288013888888527e+05
7.374288006944444496e+05
7.374287508101852145e+05
7.374286145833333721e+05
7.374285577546296408e+05
7.374285576388889458e+05
7.374285562500000233e+05
7.374284541666667210e+05
7.374284534722222015e+05
7.374279895833333721e+05
7.374279368055555969e+05
7.374277673611111240e+05
7.374276666666666279e+05
7.374276659722222248e+05
7.374276641203704057e+05
7.374276640046295943e+05
7.374276638888888992e+05
7.374273972222221782e+05
7.374269626157407183e+05
7.374269625000000233e+05
7.374269619212963153e+05
7.374269618055555038e+05
7.374268111111110775e+05
7.374266756944444496e+05
7.374263930555555271e+05
7.374263916666667210e+05
7.374258334490740672e+05
7.374258333333333721e+05
7.374257631944444729e+05
7.374256847222222714e+05
7.374255236111111008e+05
7.374248131944444031e+05
7.374248125000000000e+05
7.374245881944444263e+05
7.374244840277777985e+05
7.374239993055555969e+05
7.374237402777777752e+05
7.374235805555555271e+05
7.374235466435184935e+05
7.374234250000000466e+05
7.374234243055555271e+05
7.374234236111111240e+05
7.374229569444444496e+05
7.374229562500000466e+05
7.374229383101852145e+05
7.374229381944444031e+05
7.374229368055555969e+05
7.374229362268518889e+05
7.374229361111110775e+05
7.374227951388888760e+05
7.374227500000000000e+05
7.374227493055555969e+05
7.374226652777778218e+05
7.374226638888888992e+05
7.374224805555555504e+05
7.374224791666666279e+05
7.374224759259258863e+05
7.374224758101851912e+05
7.374224756944444962e+05
7.374224749999999767e+05
7.374219375000000000e+05
7.374218715277777519e+05
7.374217083333333721e+05
7.374217062500000466e+05
7.374217055555555271e+05
7.374217041666667210e+05
7.374214437499999767e+05
7.374214416666666511e+05
7.374214402777777286e+05
7.374209847222222015e+05
7.374208798611110542e+05
7.374208791666666511e+05
7.374206944444444962e+05
7.374206937499999767e+05
7.374206930555555737e+05
7.374204912037036847e+05
7.374204910879629897e+05
7.374204909722221782e+05
7.374197708333333721e+05
7.374197222222222481e+05
7.374195791666667210e+05
7.374194666666666744e+05
7.374187041666667210e+05
7.374185520833333721e+05
7.374177333333332790e+05
7.374177076388888527e+05
7.374177062500000466e+05
7.374173986111111008e+05
7.374173979166666977e+05
7.374173972222221782e+05
7.374169465277778218e+05
7.374169451388888992e+05
7.374167027777777985e+05
7.374166770833333721e+05
7.374166756944444496e+05
7.374165222222221782e+05
7.374165215277777752e+05
7.374164180555555504e+05
7.374164173611111473e+05
7.374164166666666279e+05
7.374164152777778218e+05
7.374164138888888992e+05
7.374164131944444962e+05
7.374158270833332790e+05
7.374157215277777286e+05
7.374155999999999767e+05
7.374155972222222481e+05
7.374154124999999767e+05
7.374154119212962687e+05
7.374154118055555737e+05
7.374150111111111473e+05
7.374150104166666279e+05
7.374148979166666977e+05
7.374148840277778218e+05
7.374148833333333023e+05
7.374148569444444729e+05
7.374148562499999534e+05
7.374147722222221782e+05
7.374147319444444729e+05
7.374147312499999534e+05
7.374146826388889458e+05
7.374146819444444263e+05
7.374145868055555038e+05
7.374145798611111240e+05
7.374145791666667210e+05
7.374145785879630130e+05
7.374145784722222015e+05
7.374143520833333023e+05
7.374143513888888992e+05
7.374143493055555737e+05
7.374140076388888992e+05
7.374137916666666279e+05
7.374137201388889225e+05
7.374137055555555271e+05
7.374136652777778218e+05
7.374133881944444729e+05
7.374133868055555504e+05
7.374133861111111473e+05
7.374133854166666279e+05
7.374130439814814599e+05
7.374130438657407649e+05
7.374129702546296176e+05
7.374129701388889225e+05
7.374129506944444729e+05
7.374129062500000000e+05
7.374127763888889458e+05
7.374126965277778218e+05
7.374124223379630130e+05
7.374124222222222015e+05
7.374124215277777985e+05
7.374124194444444729e+05
7.374118208333333023e+05
7.374116291666666511e+05
7.374096937499999767e+05
7.374096847222222714e+05
7.374094541666667210e+05
7.374094527777777985e+05
7.374094506944444729e+05
7.374089506944444729e+05
7.374089499999999534e+05
7.374087076388888527e+05
7.374086999999999534e+05
7.374086909722222481e+05
7.374086048611111473e+05
7.374086013888888992e+05
7.374084041666666744e+05
7.374084034722222714e+05
7.374079958333333489e+05
7.374078659722221782e+05
7.374078277777777985e+05
7.374078270833332790e+05
7.374077098379629897e+05
7.374074638888889458e+05
7.374069958333333489e+05
7.374069333333333489e+05
7.374067722222221782e+05
7.374063770833333256e+05
7.374063763888889225e+05
7.374057013888888760e+05
7.374053965277777752e+05
7.374053958333333721e+05
7.374049652777777519e+05
7.374029340277777519e+05
7.374018480324074626e+05
7.374018479166666511e+05
7.374013958333333721e+05
7.373993986111111008e+05
7.373989486111111473e+05
7.373978965277777752e+05
7.373973340277777752e+05
7.373891065972222714e+05
7.373891064814814599e+05
7.373891063657407649e+05
7.373891062499999534e+05
7.373862631944444729e+05
7.373855709490741137e+05
7.373855708333333023e+05
