7.376540000000000000e+05
7.375370000000000000e+05
7.375300000000000000e+05
7.375210000000000000e+05
7.375200000000000000e+05
7.375130000000000000e+05
7.375040000000000000e+05
7.374990000000000000e+05
7.374960000000000000e+05
7.374930000000000000e+05
7.374750000000000000e+05
7.374720000000000000e+05
7.374720000000000000e+05
7.374720000000000000e+05
7.374650000000000000e+05
7.374610000000000000e+05
7.374610000000000000e+05
7.374590000000000000e+05
7.374540000000000000e+05
7.374540000000000000e+05
7.374520000000000000e+05
7.374510000000000000e+05
7.374510000000000000e+05
7.374510000000000000e+05
7.374510000000000000e+05
7.374480000000000000e+05
7.374470000000000000e+05
7.374470000000000000e+05
7.374460000000000000e+05
7.374460000000000000e+05
7.374460000000000000e+05
7.374450000000000000e+05
7.374440000000000000e+05
7.374420000000000000e+05
7.374420000000000000e+05
7.374400000000000000e+05
7.374390000000000000e+05
7.374390000000000000e+05
7.374390000000000000e+05
7.374390000000000000e+05
7.374390000000000000e+05
7.374380000000000000e+05
7.374380000000000000e+05
7.374380000000000000e+05
7.374380000000000000e+05
7.374380000000000000e+05
7.374380000000000000e+05
7.374380000000000000e+05
7.374380000000000000e+05
7.374380000000000000e+05
7.374380000000000000e+05
7.374380000000000000e+05
7.374370000000000000e+05
7.374370000000000000e+05
7.374370000000000000e+05
7.374370000000000000e+05
7.374370000000000000e+05
7.374370000000000000e+05
7.374370000000000000e+05
7.374370000000000000e+05
7.374370000000000000e+05
7.374360000000000000e+05
7.374360000000000000e+05
7.374360000000000000e+05
7.374360000000000000e+05
7.374360000000000000e+05
7.374350000000000000e+05
7.374350000000000000e+05
7.374350000000000000e+05
7.374340000000000000e+05
7.374330000000000000e+05
7.374330000000000000e+05
7.374330000000000000e+05
7.374330000000000000e+05
7.374330000000000000e+05
7.374330000000000000e+05
7.374330000000000000e+05
7.374330000000000000e+05
7.374330000000000000e+05
7.374330000000000000e+05
7.374330000000000000e+05
7.374330000000000000e+05
7.374330000000000000e+05
7.374330000000000000e+05
7.374330000000000000e+05
7.374330000000000000e+05
7.374320000000000000e+05
7.374320000000000000e+05
7.374320000000000000e+05
7.374320000000000000e+05
7.374320000000000000e+05
7.374310000000000000e+05
7.374310000000000000e+05
7.374310000000000000e+05
7.374310000000000000e+05
7.374310000000000000e+05
7.374310000000000000e+05
7.374310000000000000e+05
7.374310000000000000e+05
7.374310000000000000e+05
7.374310000000000000e+05
7.374310000000000000e+05
7.374310000000000000e+05
7.374310000000000000e+05
7.374300000000000000e+05
7.374300000000000000e+05
7.374300000000000000e+05
7.374300000000000000e+05
7.374300000000000000e+05
7.374300000000000000e+05
7.374300000000000000e+05
7.374300000000000000e+05
7.374300000000000000e+05
7.374300000000000000e+05
7.374300000000000000e+05
7.374300000000000000e+05
7.374300000000000000e+05
7.374300000000000000e+05
7.374300000000000000e+05
7.374300000000000000e+05
7.374300000000000000e+05
7.374300000000000000e+05
7.374300000000000000e+05
7.374300000000000000e+05
7.374300000000000000e+05
7.374300000000000000e+05
7.374300000000000000e+05
7.374300000000000000e+05
7.374300000000000000e+05
7.374300000000000000e+05
7.374300000000000000e+05
7.374300000000000000e+05
7.374300000000000000e+05
7.374300000000000000e+05
7.374300000000000000e+05
7.374300000000000000e+05
7.374300000000000000e+05
7.374290000000000000e+05
7.374290000000000000e+05
7.374290000000000000e+05
7.374290000000000000e+05
7.374290000000000000e+05
7.374290000000000000e+05
7.374290000000000000e+05
7.374290000000000000e+05
7.374290000000000000e+05
7.374290000000000000e+05
7.374280000000000000e+05
7.374280000000000000e+05
7.374280000000000000e+05
7.374270000000000000e+05
7.374260000000000000e+05
7.374260000000000000e+05
7.374260000000000000e+05
7.374260000000000000e+05
7.374260000000000000e+05
7.374260000000000000e+05
7.374260000000000000e+05
7.374250000000000000e+05
7.374250000000000000e+05
7.374240000000000000e+05
7.374220000000000000e+05
7.374220000000000000e+05
7.374220000000000000e+05
7.374210000000000000e+05
7.374210000000000000e+05
7.374190000000000000e+05
7.374180000000000000e+05
7.374170000000000000e+05
7.374160000000000000e+05
7.374150000000000000e+05
7.374130000000000000e+05
7.374110000000000000e+05
7.374110000000000000e+05
7.374110000000000000e+05
7.374110000000000000e+05
7.373940000000000000e+05
7.373830000000000000e+05
7.373750000000000000e+05
