7.376540000000000000e+05
7.375370000000000000e+05
7.374880000000000000e+05
7.374720000000000000e+05
7.374720000000000000e+05
7.374600000000000000e+05
7.374580000000000000e+05
7.374470000000000000e+05
7.374470000000000000e+05
7.374440000000000000e+05
7.374440000000000000e+05
7.374400000000000000e+05
7.374390000000000000e+05
7.374390000000000000e+05
7.374390000000000000e+05
7.374390000000000000e+05
7.374390000000000000e+05
7.374380000000000000e+05
7.374370000000000000e+05
7.374370000000000000e+05
7.374370000000000000e+05
7.374370000000000000e+05
7.374370000000000000e+05
7.374370000000000000e+05
7.374360000000000000e+05
7.374360000000000000e+05
7.374360000000000000e+05
7.374360000000000000e+05
7.374350000000000000e+05
7.374350000000000000e+05
7.374340000000000000e+05
7.374330000000000000e+05
7.374330000000000000e+05
7.374330000000000000e+05
7.374330000000000000e+05
7.374330000000000000e+05
7.374330000000000000e+05
7.374330000000000000e+05
7.374330000000000000e+05
7.374320000000000000e+05
7.374320000000000000e+05
7.374320000000000000e+05
7.374320000000000000e+05
7.374310000000000000e+05
7.374310000000000000e+05
7.374310000000000000e+05
7.374310000000000000e+05
7.374310000000000000e+05
7.374310000000000000e+05
7.374310000000000000e+05
7.374310000000000000e+05
7.374310000000000000e+05
7.374310000000000000e+05
7.374310000000000000e+05
7.374310000000000000e+05
7.374310000000000000e+05
7.374310000000000000e+05
7.374310000000000000e+05
7.374310000000000000e+05
7.374300000000000000e+05
7.374300000000000000e+05
7.374300000000000000e+05
7.374300000000000000e+05
7.374300000000000000e+05
7.374300000000000000e+05
7.374300000000000000e+05
7.374300000000000000e+05
7.374300000000000000e+05
7.374300000000000000e+05
7.374300000000000000e+05
7.374300000000000000e+05
7.374300000000000000e+05
7.374300000000000000e+05
7.374300000000000000e+05
7.374300000000000000e+05
7.374300000000000000e+05
7.374300000000000000e+05
7.374300000000000000e+05
7.374300000000000000e+05
7.374300000000000000e+05
7.374300000000000000e+05
7.374300000000000000e+05
7.374300000000000000e+05
7.374300000000000000e+05
7.374300000000000000e+05
7.374300000000000000e+05
7.374300000000000000e+05
7.374300000000000000e+05
7.374300000000000000e+05
7.374300000000000000e+05
7.374300000000000000e+05
7.374300000000000000e+05
7.374300000000000000e+05
7.374290000000000000e+05
7.374290000000000000e+05
7.374290000000000000e+05
7.374290000000000000e+05
7.374290000000000000e+05
7.374290000000000000e+05
7.374280000000000000e+05
7.374280000000000000e+05
7.374280000000000000e+05
7.374280000000000000e+05
7.374280000000000000e+05
7.374270000000000000e+05
7.374270000000000000e+05
7.374270000000000000e+05
7.374270000000000000e+05
7.374260000000000000e+05
7.374260000000000000e+05
7.374260000000000000e+05
7.374260000000000000e+05
7.374260000000000000e+05
7.374260000000000000e+05
7.374250000000000000e+05
7.374250000000000000e+05
7.374250000000000000e+05
7.374250000000000000e+05
7.374250000000000000e+05
7.374250000000000000e+05
7.374240000000000000e+05
7.374240000000000000e+05
7.374240000000000000e+05
7.374240000000000000e+05
7.374240000000000000e+05
7.374220000000000000e+05
7.374220000000000000e+05
7.374220000000000000e+05
7.374220000000000000e+05
7.374210000000000000e+05
7.374210000000000000e+05
7.374210000000000000e+05
7.374200000000000000e+05
7.374200000000000000e+05
7.374160000000000000e+05
7.374160000000000000e+05
7.374150000000000000e+05
7.374150000000000000e+05
7.374150000000000000e+05
7.374150000000000000e+05
7.374150000000000000e+05
7.374130000000000000e+05
7.374130000000000000e+05
7.374130000000000000e+05
7.374130000000000000e+05
7.374130000000000000e+05
7.374130000000000000e+05
7.374110000000000000e+05
