7.375154055555555969e+05
7.375043611111111240e+05
7.374714388888889225e+05
7.374604479166666279e+05
7.374574124999999767e+05
7.374568277777777985e+05
7.374565847222221782e+05
7.374564145833333023e+05
7.374518701388889458e+05
7.374484972222222714e+05
7.374454770833333023e+05
7.374454763888888992e+05
7.374447819444444031e+05
7.374442416666666977e+05
7.374425256944444263e+05
7.374420855324073927e+05
7.374420854166666977e+05
7.374409027777777519e+05
7.374409006944444263e+05
7.374396263888889225e+05
7.374394062500000000e+05
7.374388548611111473e+05
7.374378027777777752e+05
7.374377451388889458e+05
7.374373277777777985e+05
7.374368181712962687e+05
7.374363993055555038e+05
7.374356736111111240e+05
7.374355138888888760e+05
7.374353687500000233e+05
7.374346583333333256e+05
7.374343854166666279e+05
7.374343826388888992e+05
7.374337750000000233e+05
7.374337736111111008e+05
7.374336583333333256e+05
7.374335819444444496e+05
7.374327923611111473e+05
7.374327340277777985e+05
7.374324170138889458e+05
7.374324168981481344e+05
7.374324159722222248e+05
7.374319525462962920e+05
7.374318222222222248e+05
7.374318194444444962e+05
7.374318189814814832e+05
7.374318188657407882e+05
7.374318187499999767e+05
7.374318159722222481e+05
7.374314708333333256e+05
7.374314244212963386e+05
7.374314238425926305e+05
7.374314229166667210e+05
7.374314222222222015e+05
7.374309840277777985e+05
7.374309291666666977e+05
7.374307805555555969e+05
7.374307598379629198e+05
7.374307597222222248e+05
7.374306444444444496e+05
7.374304875000000466e+05
7.374304263888888527e+05
7.374304256944444496e+05
7.374298208333333023e+05
7.374297826388889225e+05
7.374297583333333023e+05
7.374297239583333721e+05
7.374296729166667210e+05
7.374296354166666279e+05
7.374295659722222481e+05
7.374295118055555504e+05
7.374295083333333023e+05
7.374294965277777519e+05
7.374293930555555271e+05
7.374293917824074160e+05
7.374293916666667210e+05
7.374287965277777985e+05
7.374287375000000466e+05
7.374286902777777286e+05
7.374285354166666511e+05
7.374284037037036614e+05
7.374284035879629664e+05
7.374284034722222714e+05
7.374284021990740439e+05
7.374280194444444496e+05
7.374279840277777985e+05
7.374279833333332790e+05
7.374279826388888760e+05
7.374279819444444729e+05
7.374279812499999534e+05
7.374279805555555504e+05
7.374279798611111473e+05
7.374279791666666279e+05
7.374279784722222248e+05
7.374279777777778218e+05
7.374279770833333023e+05
7.374279763888888992e+05
7.374279756944444962e+05
7.374278215277778218e+05
7.374278208333333023e+05
7.374277729166666977e+05
7.374277506944444031e+05
7.374277126157407183e+05
7.374277125000000233e+05
7.374277034722222015e+05
7.374274438657407882e+05
7.374274423611110542e+05
7.374274396990740206e+05
7.374274395833333256e+05
7.374271319444444962e+05
7.374265569444444263e+05
7.374265444444444729e+05
7.374265006944444031e+05
7.374263888888888760e+05
7.374259729166666511e+05
7.374257652777777985e+05
7.374254729166666511e+05
7.374254722222222481e+05
7.374244175925925374e+05
7.374244174768518424e+05
7.374244173611111473e+05
7.374239673611110775e+05
7.374239437499999767e+05
7.374238465277777286e+05
7.374237494212962920e+05
7.374237486111110775e+05
7.374235912037036614e+05
7.374234208333332790e+05
7.374233805555555737e+05
7.374229731481481576e+05
7.374229730324074626e+05
7.374229729166666511e+05
7.374229118055555737e+05
7.374229111111110542e+05
7.374228152777777286e+05
7.374227041666667210e+05
7.374226791666666977e+05
7.374226708333332790e+05
7.374226701388888760e+05
7.374226486111111008e+05
7.374226479166666977e+05
7.374225395833333023e+05
7.374224909722221782e+05
7.374224375000000000e+05
7.374223180555555737e+05
7.374218826388888992e+05
7.374218083333333489e+05
7.374217916666666279e+05
7.374216777777777752e+05
7.374216763888888527e+05
7.374215708333333023e+05
7.374215701388888992e+05
7.374214673611110775e+05
7.374214666666666744e+05
7.374213770833333256e+05
7.374213763888889225e+05
7.374213750000000000e+05
7.374207305555555504e+05
7.374207284722222248e+05
7.374207266203704057e+05
7.374207265046295943e+05
7.374207263888888992e+05
7.374205159722222015e+05
7.374203652777777752e+05
7.374203125000000000e+05
7.374200756944444729e+05
7.374200694444444962e+05
7.374196930555555737e+05
7.374186754282407928e+05
7.374186737615740858e+05
7.374185355439814739e+05
7.374184666550925467e+05
7.374180930439814692e+05
7.374180264699073741e+05
7.374176196990740718e+05
7.374175644328703638e+05
7.374175641666667070e+05
7.374174988773148507e+05
7.374174764236111660e+05
7.374174171180555131e+05
7.374173306249999441e+05
7.374170726157407044e+05
7.374170271527777659e+05
7.374170267013888806e+05
7.374170261226851726e+05
7.374170255324074533e+05
7.374168516550925560e+05
7.374167892361111008e+05
7.374167838078703498e+05
7.374166598842592211e+05
7.374166500925925793e+05
7.374166472569444450e+05
7.374166381018518005e+05
7.374166227199074347e+05
7.374165978819445008e+05
7.374165972916666651e+05
7.374165627546296455e+05
7.374164647106481716e+05
7.374164466203703778e+05
7.374162935185185634e+05
7.374162932407407789e+05
7.374162929050925886e+05
7.374162925694443984e+05
7.374162076388888527e+05
7.374161766550926259e+05
7.374161732175926445e+05
7.374161194907407044e+05
7.374160682175925467e+05
7.374160111111111473e+05
7.374159211458333302e+05
7.374159051851851400e+05
7.374158780902777798e+05
7.374158222106480971e+05
7.374158097800925607e+05
7.374157915509259328e+05
7.374157887731482042e+05
7.374157718518518377e+05
7.374156928587963339e+05
7.374156703356481157e+05
7.374156673263888806e+05
7.374154939467592631e+05
7.374154778009259608e+05
7.374153569444444729e+05
7.374153563657407649e+05
7.374150865856481250e+05
7.374149426851852331e+05
7.374148522337962640e+05
7.374148513541666325e+05
7.374148332870370941e+05
7.374148324074074626e+05
7.374148317708333489e+05
7.374148309722222621e+05
7.374148299305555411e+05
7.374147559027777752e+05
7.374147339467592537e+05
7.374147045138889225e+05
7.374146939120370662e+05
7.374146858564814320e+05
7.374146750115740579e+05
7.374146557175925700e+05
7.374146510763888946e+05
7.374146284837962594e+05
7.374145923148147995e+05
7.374143664120370522e+05
7.374143286574074300e+05
7.374143272569444962e+05
7.374140196412036894e+05
7.374140193981481716e+05
7.374140016087963013e+05
7.374139350000000559e+05
7.374139107986111194e+05
7.374138579282407882e+05
7.374137542476851959e+05
7.374136128240741091e+05
7.374130247800926445e+05
7.374129869675926166e+05
7.374129827430555597e+05
7.374127388773148414e+05
7.374127376157407416e+05
7.374124058449073927e+05
7.374123979166666977e+05
7.374118656597222434e+05
7.374117409490740392e+05
7.374116828819444636e+05
7.374099232175926445e+05
7.374097811342593050e+05
7.374097806134258863e+05
7.374097800000000279e+05
7.374097794328703312e+05
7.374097788657407509e+05
7.374097781249999534e+05
7.374097400462962687e+05
7.374097397685184842e+05
7.374096234259259654e+05
7.374094587384259794e+05
7.374089339120370569e+05
7.374088869560185121e+05
7.374086555439814692e+05
7.374086319907407742e+05
7.374085703935185447e+05
7.374085158217592398e+05
7.374084465277778218e+05
7.374083599768518470e+05
7.374079689236111008e+05
7.374079686111111660e+05
7.374079672800926492e+05
7.374078571643518517e+05
7.374078517013888340e+05
7.374077850462963106e+05
7.374076234606481157e+05
7.374074897337963339e+05
7.374069777662036940e+05
7.374069759375000140e+05
7.374069703703703126e+05
7.374069435416666092e+05
7.374069146990741137e+05
7.374068615277777426e+05
7.374067029282407602e+05
7.374066967013889225e+05
7.374064511342592305e+05
7.374062611921295756e+05
7.374057008564814460e+05
7.374056664236111101e+05
7.374053827083333163e+05
7.374043722569444217e+05
7.374041519444443984e+05
7.374035911574073834e+05
7.374030843402778264e+05
7.374029569560184609e+05
7.374020372106481809e+05
7.374018121064815205e+05
7.374017704166666372e+05
7.374015717476852005e+05
7.374011026273148600e+05
7.373989040277777240e+05
7.373972684143518563e+05
7.373961706134259002e+05
7.373938755208333023e+05
7.373896292129629292e+05
7.373837967476851773e+05
7.373837724421296734e+05
7.373829779976852005e+05
7.373818456481480971e+05
7.373816559837963432e+05
7.373813426851851400e+05
7.373797308333333349e+05
7.373787644907407230e+05
