7.374685208333333721e+05
7.374635930555555969e+05
7.374635923611110775e+05
7.374628534722222248e+05
7.374628527777778218e+05
7.374619236111111240e+05
7.374583263888888760e+05
7.374555597222222714e+05
7.374549770833333023e+05
7.374519868055555271e+05
7.374478750000000000e+05
7.374476812500000233e+05
7.374474222222222015e+05
7.374460416666666279e+05
7.374454006944444263e+05
7.374448347222221782e+05
7.374434694444444031e+05
7.374434687500000000e+05
7.374424937500000233e+05
7.374424930555555038e+05
7.374407034722222015e+05
7.374405124999999534e+05
7.374405111111111473e+05
7.374405104166666279e+05
7.374399229166667210e+05
7.374396833333333489e+05
7.374394597222221782e+05
7.374394590277777752e+05
7.374388784722222481e+05
7.374384979166666744e+05
7.374383895833332790e+05
7.374379944444444263e+05
7.374378881944444729e+05
7.374378131944444031e+05
7.374374013888889458e+05
7.374367437500000233e+05
7.374367409722221782e+05
7.374365437499999534e+05
7.374359680555555969e+05
7.374359673611110775e+05
7.374359659722222714e+05
7.374357041666667210e+05
7.374357034722222015e+05
7.374354277777777752e+05
7.374354250000000466e+05
7.374349270833333721e+05
7.374349256944444496e+05
7.374347604166666279e+05
7.374346180555555038e+05
7.374345222222221782e+05
7.374345215277777752e+05
7.374345208333333721e+05
7.374343027777777752e+05
7.374343020833333721e+05
7.374339958333333489e+05
7.374337597222222248e+05
7.374337583333333023e+05
7.374336930555555737e+05
7.374334118055555737e+05
7.374334090277777286e+05
7.374334076388889225e+05
7.374334069444444031e+05
7.374330409722222248e+05
7.374330194444444496e+05
7.374330173611111240e+05
7.374328798611110542e+05
7.374328090277777519e+05
7.374326374999999534e+05
7.374323409722222714e+05
7.374323388888889458e+05
7.374323354166666977e+05
7.374323298611111240e+05
7.374323291666667210e+05
7.374320055555555737e+05
7.374319736111110542e+05
7.374318951388888527e+05
7.374318937500000466e+05
7.374318645833333721e+05
7.374318513888888992e+05
7.374318506944444962e+05
7.374318173611110542e+05
7.374318104166666744e+05
7.374317756944444263e+05
7.374317194444444031e+05
7.374317034722222015e+05
7.374317027777777985e+05
7.374317006944444729e+05
7.374316631944444962e+05
7.374316624999999767e+05
7.374316173611111008e+05
7.374316048611111473e+05
7.374315847222221782e+05
7.374315090277778218e+05
7.374315027777777286e+05
7.374314819444444729e+05
7.374314666666666744e+05
7.374314243055555271e+05
7.374313986111111008e+05
7.374313430555555969e+05
7.374313423611110775e+05
7.374313409722222714e+05
7.374313395833333489e+05
7.374313381944444263e+05
7.374310520833333721e+05
7.374310500000000466e+05
7.374309402777777286e+05
7.374309034722222714e+05
7.374308722222222714e+05
7.374308715277777519e+05
7.374308659722221782e+05
7.374308652777777752e+05
7.374308625000000466e+05
7.374307763888889458e+05
7.374307451388889458e+05
7.374307409722221782e+05
7.374306083333332790e+05
7.374306076388888760e+05
7.374306062499999534e+05
7.374305111111111473e+05
7.374305090277778218e+05
7.374304291666666977e+05
7.374304013888889458e+05
7.374300236111111008e+05
7.374299097222222481e+05
7.374298236111111473e+05
7.374297104166666977e+05
7.374297090277777752e+05
7.374293576388888760e+05
7.374288756944444031e+05
7.374287555555555737e+05
7.374286638888888992e+05
7.374283993055555038e+05
7.374276819444444263e+05
7.374273881944444729e+05
7.374267597222222248e+05
7.374259604166666977e+05
7.374254298611111008e+05
7.374248458333333256e+05
7.374246597222222481e+05
7.374246562500000000e+05
7.374245173611111240e+05
7.374245166666667210e+05
7.374237784722222714e+05
7.374228618055555271e+05
7.374215347222222481e+05
7.374214270833333721e+05
7.374187798611110775e+05
7.374176465277777752e+05
7.374172868055555737e+05
7.374172840277777286e+05
7.374166430555555271e+05
7.374144548611111240e+05
7.374136736111111240e+05
7.374135236111111008e+05
7.374134097222222481e+05
7.374133451388889225e+05
7.374127013888888760e+05
7.374122840277777286e+05
7.374122819444444031e+05
7.374098770833333256e+05
7.374096368055555504e+05
7.374094111111110542e+05
7.374092368055555271e+05
