7.375390000000000000e+05
7.375280000000000000e+05
7.375280000000000000e+05
7.375140000000000000e+05
7.374810000000000000e+05
7.374790000000000000e+05
7.374790000000000000e+05
7.374720000000000000e+05
7.374640000000000000e+05
7.374640000000000000e+05
7.374600000000000000e+05
7.374580000000000000e+05
7.374540000000000000e+05
7.374540000000000000e+05
7.374520000000000000e+05
7.374510000000000000e+05
7.374510000000000000e+05
7.374450000000000000e+05
7.374450000000000000e+05
7.374450000000000000e+05
7.374450000000000000e+05
7.374450000000000000e+05
7.374450000000000000e+05
7.374450000000000000e+05
7.374420000000000000e+05
7.374420000000000000e+05
7.374410000000000000e+05
7.374410000000000000e+05
7.374400000000000000e+05
7.374390000000000000e+05
7.374380000000000000e+05
7.374380000000000000e+05
7.374380000000000000e+05
7.374380000000000000e+05
7.374370000000000000e+05
7.374370000000000000e+05
7.374370000000000000e+05
7.374370000000000000e+05
7.374370000000000000e+05
7.374370000000000000e+05
7.374370000000000000e+05
7.374350000000000000e+05
7.374350000000000000e+05
7.374350000000000000e+05
7.374350000000000000e+05
7.374350000000000000e+05
7.374340000000000000e+05
7.374340000000000000e+05
7.374340000000000000e+05
7.374340000000000000e+05
7.374340000000000000e+05
7.374340000000000000e+05
7.374340000000000000e+05
7.374340000000000000e+05
7.374340000000000000e+05
7.374340000000000000e+05
7.374340000000000000e+05
7.374340000000000000e+05
7.374340000000000000e+05
7.374330000000000000e+05
7.374330000000000000e+05
7.374330000000000000e+05
7.374330000000000000e+05
7.374330000000000000e+05
7.374330000000000000e+05
7.374330000000000000e+05
7.374330000000000000e+05
7.374330000000000000e+05
7.374330000000000000e+05
7.374330000000000000e+05
7.374330000000000000e+05
7.374320000000000000e+05
7.374320000000000000e+05
7.374320000000000000e+05
7.374320000000000000e+05
7.374320000000000000e+05
7.374320000000000000e+05
7.374320000000000000e+05
7.374320000000000000e+05
7.374320000000000000e+05
7.374320000000000000e+05
7.374320000000000000e+05
7.374320000000000000e+05
7.374320000000000000e+05
7.374310000000000000e+05
7.374310000000000000e+05
7.374310000000000000e+05
7.374310000000000000e+05
7.374310000000000000e+05
7.374310000000000000e+05
7.374310000000000000e+05
7.374310000000000000e+05
7.374310000000000000e+05
7.374310000000000000e+05
7.374310000000000000e+05
7.374310000000000000e+05
7.374300000000000000e+05
7.374300000000000000e+05
7.374300000000000000e+05
7.374300000000000000e+05
7.374300000000000000e+05
7.374300000000000000e+05
7.374300000000000000e+05
7.374300000000000000e+05
7.374290000000000000e+05
7.374290000000000000e+05
7.374290000000000000e+05
7.374290000000000000e+05
7.374290000000000000e+05
7.374290000000000000e+05
7.374290000000000000e+05
7.374290000000000000e+05
7.374290000000000000e+05
7.374290000000000000e+05
7.374290000000000000e+05
7.374290000000000000e+05
7.374290000000000000e+05
7.374290000000000000e+05
7.374290000000000000e+05
7.374280000000000000e+05
7.374280000000000000e+05
7.374280000000000000e+05
7.374270000000000000e+05
7.374270000000000000e+05
7.374270000000000000e+05
7.374270000000000000e+05
7.374270000000000000e+05
7.374260000000000000e+05
7.374260000000000000e+05
7.374250000000000000e+05
7.374250000000000000e+05
7.374250000000000000e+05
7.374250000000000000e+05
7.374250000000000000e+05
7.374240000000000000e+05
7.374240000000000000e+05
7.374240000000000000e+05
7.374240000000000000e+05
7.374230000000000000e+05
7.374230000000000000e+05
7.374140000000000000e+05
7.374130000000000000e+05
7.374130000000000000e+05
7.374130000000000000e+05
7.374060000000000000e+05
