7.374814513888888760e+05
7.374697208333333256e+05
7.374674770833333023e+05
7.374670152777777985e+05
7.374659868055555271e+05
7.374633437500000000e+05
7.374536979166666279e+05
7.374474284722221782e+05
7.374457652777777985e+05
7.374454118055555737e+05
7.374448993055555038e+05
7.374404347222222714e+05
7.374396840277777519e+05
7.374394458333333023e+05
7.374393499999999767e+05
7.374389208333332790e+05
7.374389180555555504e+05
7.374385152777777985e+05
7.374366756944444496e+05
7.374364590277777752e+05
7.374359166666666279e+05
7.374355138888888760e+05
7.374353173611110542e+05
7.374350180555555271e+05
7.374350173611111240e+05
7.374350166666667210e+05
7.374350152777777985e+05
7.374349055555555969e+05
7.374345319444444031e+05
7.374344111111110542e+05
7.374344104166666511e+05
7.374339833333332790e+05
7.374338305555555271e+05
7.374338298611111240e+05
7.374338291666667210e+05
7.374337208333333256e+05
7.374336173611111008e+05
7.374336020833333023e+05
7.374330250000000233e+05
7.374330243055555038e+05
7.374330236111111008e+05
7.374330229166666977e+05
7.374326875000000000e+05
7.374326868055555969e+05
7.374325187500000466e+05
7.374322152777777519e+05
7.374322145833333489e+05
7.374322138888889458e+05
7.374322118055555038e+05
7.374322104166666977e+05
7.374322097222221782e+05
7.374319868055555271e+05
7.374317527777777286e+05
7.374317236111110542e+05
7.374314979166666744e+05
7.374314229166667210e+05
7.374314201388888760e+05
7.374314194444444729e+05
7.374314166666666279e+05
7.374314138888888992e+05
7.374314118055555737e+05
7.374310361111110542e+05
7.374309555555555271e+05
7.374308777777777286e+05
7.374308770833333256e+05
7.374308763888889225e+05
7.374308756944444031e+05
7.374307319444444729e+05
7.374306250000000000e+05
7.374304250000000466e+05
7.374304243055555271e+05
7.374304236111111240e+05
7.374300569444444263e+05
7.374300548611111008e+05
7.374299465277778218e+05
7.374298583333332790e+05
7.374298562499999534e+05
7.374297861111110542e+05
7.374297263888888992e+05
7.374295618055555969e+05
7.374294798611111473e+05
7.374293951388888527e+05
7.374293937500000466e+05
7.374293909722222015e+05
7.374290083333333023e+05
7.374290069444444962e+05
7.374289180555555504e+05
7.374289166666666279e+05
7.374289138888888992e+05
7.374287881944444962e+05
7.374287874999999767e+05
7.374287868055555737e+05
7.374287854166666511e+05
7.374286493055555038e+05
7.374286486111111008e+05
7.374286465277777752e+05
7.374284319444444263e+05
7.374284312500000233e+05
7.374284291666666977e+05
7.374284284722221782e+05
7.374280909722222714e+05
7.374280902777777519e+05
7.374280895833333489e+05
7.374280888888889458e+05
7.374280881944444263e+05
7.374280875000000233e+05
7.374280868055555038e+05
7.374280854166666977e+05
7.374280847222221782e+05
7.374280840277777752e+05
7.374280826388888527e+05
7.374278993055555038e+05
7.374278986111111008e+05
7.374278979166666977e+05
7.374278972222221782e+05
7.374278951388888527e+05
7.374278944444444496e+05
7.374278937500000466e+05
7.374278930555555271e+05
7.374277097222221782e+05
7.374274312500000233e+05
7.374274298611111008e+05
7.374274291666666977e+05
7.374274284722221782e+05
7.374274277777777752e+05
7.374274270833333721e+05
7.374270347222222481e+05
7.374270340277777286e+05
7.374270326388889225e+05
7.374269055555555969e+05
7.374269048611110775e+05
7.374269034722222714e+05
7.374269006944444263e+05
7.374269000000000233e+05
7.374268993055555038e+05
7.374268979166666977e+05
7.374267104166666977e+05
7.374266729166667210e+05
7.374263965277777752e+05
7.374263958333333721e+05
7.374263951388888527e+05
7.374263923611111240e+05
7.374259430555555737e+05
7.374259423611110542e+05
7.374259416666666511e+05
7.374256638888888992e+05
7.374255465277777985e+05
7.374254291666666977e+05
7.374254284722221782e+05
7.374254277777777752e+05
7.374248368055555038e+05
7.374246423611111240e+05
7.374245513888888527e+05
7.374243854166666279e+05
7.374243847222222248e+05
7.374240493055555271e+05
7.374240486111111240e+05
7.374235749999999534e+05
7.374234229166667210e+05
7.374227527777777286e+05
7.374225854166666977e+05
7.374216805555555038e+05
7.374216798611111008e+05
7.374214215277777985e+05
7.374209909722221782e+05
7.374206694444444729e+05
7.374206687499999534e+05
7.374206680555555504e+05
7.374206673611111473e+05
7.374204333333333489e+05
7.374204326388889458e+05
7.374204319444444263e+05
7.374198861111111473e+05
7.374196875000000000e+05
7.374196243055555969e+05
7.374196236111110775e+05
7.374196229166666744e+05
7.374189520833332790e+05
7.374189513888888760e+05
7.374189506944444729e+05
7.374185930555555969e+05
7.374185923611110775e+05
7.374180625000000000e+05
7.374180618055555969e+05
7.374180611111110775e+05
7.374180604166666744e+05
7.374180597222222714e+05
7.374180590277777519e+05
7.374177944444444729e+05
7.374177937499999534e+05
7.374177930555555504e+05
7.374175958333333256e+05
7.374175951388889225e+05
7.374175944444444031e+05
7.374175937500000000e+05
7.374173499999999767e+05
7.374173493055555737e+05
7.374173486111110542e+05
7.374170909722222714e+05
7.374170902777777519e+05
7.374170888888889458e+05
7.374170875000000233e+05
7.374167937499999534e+05
7.374167638888888760e+05
7.374167631944444729e+05
7.374167624999999534e+05
7.374167618055555504e+05
7.374167597222222248e+05
7.374167590277778218e+05
7.374167583333333023e+05
7.374163937500000466e+05
7.374163930555555271e+05
7.374163923611111240e+05
7.374160791666667210e+05
7.374160777777777985e+05
7.374152993055555271e+05
7.374152986111111240e+05
7.374152979166667210e+05
7.374152972222222015e+05
7.374152965277777985e+05
7.374152958333332790e+05
7.374152951388888760e+05
7.374152944444444729e+05
7.374152937499999534e+05
7.374152930555555504e+05
7.374152923611111473e+05
7.374152916666666279e+05
7.374150416666666279e+05
7.374150409722222248e+05
7.374150402777778218e+05
7.374150076388888992e+05
7.374150069444444962e+05
7.374150062499999767e+05
7.374150055555555737e+05
7.374150048611110542e+05
7.374150041666666511e+05
7.374150034722222481e+05
7.374150027777777286e+05
7.374150020833333256e+05
7.374148756944444031e+05
7.374148750000000000e+05
7.374148743055555969e+05
7.374148736111110775e+05
7.374148729166666744e+05
7.374148722222222714e+05
7.374148715277777519e+05
7.374147263888888992e+05
7.374147256944444962e+05
7.374147249999999767e+05
7.374145875000000233e+05
7.374145868055555038e+05
7.374145673611110542e+05
7.374145666666666511e+05
7.374143437500000000e+05
7.374143430555555969e+05
7.374143423611110775e+05
7.374143416666666744e+05
7.374143409722222714e+05
7.374140006944444031e+05
7.374140000000000000e+05
7.374139993055555969e+05
7.374139972222222714e+05
7.374139965277777519e+05
7.374139958333333489e+05
7.374138687500000233e+05
7.374138673611111008e+05
7.374138666666666977e+05
7.374138659722221782e+05
7.374136715277777985e+05
7.374136708333332790e+05
7.374136152777777752e+05
7.374136145833333721e+05
7.374134048611110775e+05
7.374134041666666744e+05
7.374134034722222714e+05
7.374134027777777519e+05
7.374134020833333489e+05
7.374134006944444263e+05
7.374133993055555038e+05
7.374133986111111008e+05
7.374133979166666977e+05
7.374133965277777752e+05
7.374132784722222714e+05
7.374132777777777519e+05
7.374132770833333489e+05
7.374132763888889458e+05
7.374132756944444263e+05
7.374132750000000233e+05
7.374132743055555038e+05
7.374132736111111008e+05
7.374132729166666977e+05
7.374129937500000233e+05
7.374129930555555038e+05
7.374129923611111008e+05
7.374129354166666744e+05
7.374129347222222714e+05
7.374129340277777519e+05
7.374129333333333489e+05
7.374129326388889458e+05
7.374129319444444263e+05
7.374129312500000233e+05
7.374128645833333721e+05
7.374128638888888527e+05
7.374128631944444496e+05
7.374128625000000466e+05
7.374128277777777985e+05
7.374128270833332790e+05
7.374127395833333721e+05
7.374124902777777752e+05
7.374124895833333721e+05
7.374124888888888527e+05
7.374124881944444496e+05
7.374124208333332790e+05
7.374124201388888760e+05
7.374124194444444729e+05
7.374124187499999534e+05
7.374124180555555504e+05
7.374122847222222481e+05
7.374122833333333256e+05
7.374122826388889225e+05
7.374122819444444031e+05
7.374120055555555737e+05
7.374120048611110542e+05
7.374119187499999534e+05
7.374117027777777985e+05
7.374115111111111473e+05
7.374112097222221782e+05
7.374112090277777752e+05
7.374112083333333721e+05
7.374112076388888527e+05
7.374112069444444496e+05
7.374112062500000466e+05
7.374092222222222481e+05
7.374091465277777752e+05
7.374091458333333721e+05
7.374086750000000466e+05
7.374086743055555271e+05
7.374085993055555737e+05
7.374082388888888527e+05
7.374082381944444496e+05
7.374074861111111240e+05
7.374071638888888992e+05
7.374071194444444263e+05
7.374071187500000233e+05
7.374071180555555038e+05
7.374051583333333256e+05
7.374042062500000466e+05
7.374037083333333721e+05
7.374000180555555271e+05
7.373980326388889225e+05
7.373970263888889458e+05
7.373954486111111473e+05
7.373944722222222481e+05
7.373930000000000000e+05
7.373788951388888527e+05
7.373788944444444496e+05
7.373769868055555271e+05
7.373769861111111240e+05
7.373615118055555504e+05
