7.374776347222222248e+05
7.374776340277778218e+05
7.374734236111111240e+05
7.374734229166667210e+05
7.374528305555555271e+05
7.374525652777777286e+05
7.374455826388888527e+05
7.374455819444444496e+05
7.374429861111111240e+05
7.374429854166667210e+05
7.374425083333333023e+05
7.374425069444444962e+05
7.374404340277777519e+05
7.374398972222221782e+05
7.374394451388888992e+05
7.374394444444444962e+05
7.374389194444444729e+05
7.374388472222222481e+05
7.374368486111110542e+05
7.374368479166666511e+05
7.374364375000000000e+05
7.374364368055555969e+05
7.374364361111110775e+05
7.374359145833333023e+05
7.374353159722222481e+05
7.374353152777777286e+05
7.374353145833333256e+05
7.374350159722222015e+05
7.374349083333333256e+05
7.374349076388889225e+05
7.374347979166667210e+05
7.374347972222222015e+05
7.374347958333332790e+05
7.374345312500000000e+05
7.374339868055555271e+05
7.374339861111111240e+05
7.374339854166667210e+05
7.374339840277777985e+05
7.374337215277777286e+05
7.374337201388889225e+05
7.374328111111110775e+05
7.374328090277777519e+05
7.374328083333333489e+05
7.374326368055555504e+05
7.374325631944444031e+05
7.374325625000000000e+05
7.374325180555555271e+05
7.374322125000000233e+05
7.374322090277777752e+05
7.374320097222222248e+05
7.374320083333333023e+05
7.374320076388888992e+05
7.374319902777777752e+05
7.374319881944444496e+05
7.374319861111111240e+05
7.374319854166667210e+05
7.374319305555555038e+05
7.374319298611111008e+05
7.374318000000000466e+05
7.374317993055555271e+05
7.374317986111111240e+05
7.374317333333332790e+05
7.374317326388888760e+05
7.374317263888888992e+05
7.374317256944444962e+05
7.374317249999999767e+05
7.374316715277777985e+05
7.374316701388888760e+05
7.374316694444444729e+05
7.374316687499999534e+05
7.374316583333333256e+05
7.374316569444444031e+05
7.374316312499999767e+05
7.374316305555555737e+05
7.374316298611110542e+05
7.374316020833333023e+05
7.374314284722221782e+05
7.374314277777777752e+05
7.374314256944444496e+05
7.374314250000000466e+05
7.374314243055555271e+05
7.374314222222222015e+05
7.374314215277777985e+05
7.374314180555555504e+05
7.374314131944444962e+05
7.374314104166666511e+05
7.374314097222222481e+05
7.374314090277777286e+05
7.374314083333333256e+05
7.374314076388889225e+05
7.374310347222222481e+05
7.374310340277777286e+05
7.374309569444444496e+05
7.374308750000000000e+05
7.374308743055555969e+05
7.374308736111110775e+05
7.374308729166666744e+05
7.374308722222222714e+05
7.374304847222222015e+05
7.374304222222222015e+05
7.374304215277777985e+05
7.374300555555555038e+05
7.374299493055555504e+05
7.374299486111111473e+05
7.374299479166666279e+05
7.374298576388888760e+05
7.374294805555555504e+05
7.374293930555555271e+05
7.374293923611111240e+05
7.374293902777777985e+05
7.374293895833332790e+05
7.374293888888888760e+05
7.374293881944444729e+05
7.374293874999999534e+05
7.374293868055555504e+05
7.374290590277777519e+05
7.374290583333333489e+05
7.374290076388888992e+05
7.374289187499999534e+05
7.374289173611111473e+05
7.374289159722222248e+05
7.374289152777778218e+05
7.374289131944444962e+05
7.374289118055555737e+05
7.374289111111110542e+05
7.374289104166666511e+05
7.374287861111110542e+05
7.374287847222222481e+05
7.374286479166666977e+05
7.374286472222221782e+05
7.374284298611111008e+05
7.374284277777777752e+05
7.374284270833333721e+05
7.374284256944444496e+05
7.374281034722222248e+05
7.374281027777778218e+05
7.374281020833333023e+05
7.374281013888888992e+05
7.374280999999999767e+05
7.374280993055555737e+05
7.374280986111110542e+05
7.374280861111111008e+05
7.374280833333333721e+05
7.374279000000000233e+05
7.374278965277777752e+05
7.374278958333333721e+05
7.374277104166666977e+05
7.374274263888888527e+05
7.374274256944444496e+05
7.374274250000000466e+05
7.374274243055555271e+05
7.374274236111111240e+05
7.374270333333333256e+05
7.374270319444444031e+05
7.374270312500000000e+05
7.374270305555555969e+05
7.374270298611110775e+05
7.374269027777777519e+05
7.374269020833333489e+05
7.374269013888889458e+05
7.374267097222221782e+05
7.374266750000000466e+05
7.374266736111111240e+05
7.374263944444444496e+05
7.374263937500000466e+05
7.374259437499999767e+05
7.374256631944444962e+05
7.374250062499999767e+05
7.374240506944444496e+05
7.374234222222222015e+05
7.374234215277777985e+05
7.374234208333332790e+05
7.374234201388888760e+05
7.374234194444444729e+05
7.374234187499999534e+05
7.374234180555555504e+05
7.374234173611111473e+05
7.374234166666666279e+05
7.374234159722222248e+05
7.374234152777778218e+05
7.374234131944444962e+05
7.374234124999999767e+05
7.374227520833333256e+05
7.374227506944444031e+05
7.374227500000000000e+05
7.374223958333333721e+05
7.374223868055555504e+05
7.374223861111111473e+05
7.374216833333333489e+05
7.374216826388889458e+05
7.374216819444444263e+05
7.374216812500000233e+05
7.374204361111110775e+05
7.374204354166666744e+05
7.374204347222222714e+05
7.374204340277777519e+05
7.374197895833333023e+05
7.374170895833333489e+05
7.374167645833332790e+05
7.374167611111111473e+05
7.374167604166666279e+05
7.374139986111110775e+05
