7.374565703703704057e+05
7.374565702546295943e+05
7.374502424768517958e+05
7.374493885416666744e+05
7.374493884259259794e+05
7.374493883101851679e+05
7.374470841435184702e+05
7.374382766203703359e+05
7.374382765046296408e+05
7.374375966435185401e+05
7.374371092592593050e+05
7.374371091435184935e+05
7.374371077546296874e+05
7.374362966435184935e+05
7.374361299768518656e+05
7.374357105324073927e+05
7.374356384259259794e+05
7.374356383101851679e+05
7.374350377314814832e+05
7.374350376157407882e+05
7.374350349537037546e+05
7.374350348379629431e+05
7.374347770833333489e+05
7.374341245370369870e+05
7.374341244212962920e+05
7.374340749999999534e+05
7.374340724537037313e+05
7.374340723379629198e+05
7.374336605324074626e+05
7.374331652777778218e+05
7.374329813657407649e+05
7.374329812499999534e+05
7.374329791666666279e+05
7.374329417824074626e+05
7.374326931712962687e+05
7.374325160879630130e+05
7.374324862268518191e+05
7.374320694444444962e+05
7.374319510416666744e+05
7.374319509259259794e+05
7.374319508101851679e+05
7.374318701388889458e+05
7.374318689814815298e+05
7.374318688657407183e+05
7.374318687500000233e+05
7.374318668981482042e+05
7.374318667824073927e+05
7.374316201388889458e+05
7.374314452546295943e+05
7.374313862268518424e+05
7.374313827546295943e+05
7.374313820601851912e+05
7.374309091435185401e+05
7.374307944444444729e+05
7.374306306712962687e+05
7.374300447916666744e+05
7.374300446759259794e+05
7.374300445601851679e+05
7.374300425925925374e+05
7.374300424768518424e+05
7.374299072916667210e+05
7.374299071759259095e+05
7.374299070601852145e+05
7.374297098379629897e+05
7.374296903935185401e+05
7.374296138888888527e+05
7.374296131944444496e+05
7.374288092592592584e+05
7.374288091435185634e+05
7.374288090277777519e+05
7.374287506944444031e+05
7.374287494212962920e+05
7.374287473379629664e+05
7.374286008101851912e+05
7.374278881944444729e+05
7.374278542824074393e+05
7.374278541666666279e+05
7.374276667824074393e+05
7.374276643518517958e+05
7.374276642361111008e+05
7.374274181712962454e+05
7.374273965277777752e+05
7.374273958333333721e+05
7.374269041666666744e+05
7.374266020833333023e+05
7.374258327546296641e+05
7.374258326388888527e+05
7.374239980324073695e+05
7.374235465277777985e+05
7.374227494212962920e+05
7.374227188657406950e+05
7.374224785879629198e+05
7.374224784722222248e+05
7.374214444444444962e+05
7.374214423611110542e+05
7.374209861111111240e+05
7.374208784722222481e+05
7.374206945601851912e+05
7.374194673611110775e+05
7.374189313657407183e+05
7.374185520833333721e+05
7.374178466435185401e+05
7.374178465277777286e+05
7.374164145833333023e+05
7.374155986111110542e+05
7.374147715277777752e+05
7.374143479166666511e+05
7.374137611111111473e+05
7.374135020833333256e+05
7.374130437499999534e+05
