7.375195270833333489e+05
7.374924605324073927e+05
7.374773187499999767e+05
7.374629638888889458e+05
7.374607333333332790e+05
7.374579986111110775e+05
7.374499881944444496e+05
7.374420736111111473e+05
7.374420445601851679e+05
7.374409034722222714e+05
7.374396271990740206e+05
7.374394055555555969e+05
7.374377937499999534e+05
7.374368590277777985e+05
7.374368180555555737e+05
7.374366152777777752e+05
7.374359398148148321e+05
7.374359396990740206e+05
7.374359329861111473e+05
7.374359328703703359e+05
7.374359327546296408e+05
7.374359326388889458e+05
7.374358701388889458e+05
7.374356590277777286e+05
7.374349354166666744e+05
7.374346584490740206e+05
7.374338145833333256e+05
7.374338015046296641e+05
7.374338013888888527e+05
7.374337256944444962e+05
7.374326090277777985e+05
7.374324167824074393e+05
7.374324166666666279e+05
7.374324155092592118e+05
7.374324153935185168e+05
7.374324146990741137e+05
7.374324140046295943e+05
7.374319524305555969e+05
7.374319523148147855e+05
7.374319521990740905e+05
7.374319520833332790e+05
7.374318190972221782e+05
7.374315896990740439e+05
7.374315895833333489e+05
7.374315374999999767e+05
7.374314716435185401e+05
7.374314715277777286e+05
7.374314266203703592e+05
7.374314265046296641e+05
7.374314263888888527e+05
7.374314250000000466e+05
7.374314237268518191e+05
7.374314236111111240e+05
7.374314208333332790e+05
7.374308834490741137e+05
7.374307876157407882e+05
7.374307465277777519e+05
7.374307291666666279e+05
7.374306377314814599e+05
7.374306376157407649e+05
7.374306369212962454e+05
7.374306138888888527e+05
7.374305736111111473e+05
7.374305000000000000e+05
7.374304854166667210e+05
7.374298277777777985e+05
7.374298230324074393e+05
7.374298229166666279e+05
7.374298215277778218e+05
7.374298070601852378e+05
7.374297238425925607e+05
7.374297237268518656e+05
7.374297236111110542e+05
7.374296633101851912e+05
7.374296631944444962e+05
7.374296159722221782e+05
7.374295662037037546e+05
7.374295660879629431e+05
7.374295076388888992e+05
7.374293902777777985e+05
7.374293888888888760e+05
7.374290629629630130e+05
7.374290627314815065e+05
7.374290626157406950e+05
7.374290625000000000e+05
7.374287868055555737e+05
7.374287541666666511e+05
7.374284361111110775e+05
7.374284039351851679e+05
7.374284038194444729e+05
7.374277166666666744e+05
7.374274542824074160e+05
7.374274541666667210e+05
7.374274437499999767e+05
7.374274424768518656e+05
7.374271312499999767e+05
7.374256354166666279e+05
7.374244177083333489e+05
7.374244148148148088e+05
7.374244146990741137e+05
7.374244145833333023e+05
7.374239701388889225e+05
7.374237501157406950e+05
7.374237493055555969e+05
7.374235916666666744e+05
7.374235909722222714e+05
7.374228083333333489e+05
7.374215687499999767e+05
7.374207319444444729e+05
7.374207249999999767e+05
7.374205833333333721e+05
7.374193077893519076e+05
7.374179640972221969e+05
7.374155823958333349e+05
7.374149313657407183e+05
7.374146500231481623e+05
7.374128225115740206e+05
