7.374710000000000000e+05
7.374690000000000000e+05
7.374590000000000000e+05
7.374590000000000000e+05
7.374550000000000000e+05
7.374510000000000000e+05
7.374490000000000000e+05
7.374490000000000000e+05
7.374490000000000000e+05
7.374480000000000000e+05
7.374480000000000000e+05
7.374480000000000000e+05
7.374450000000000000e+05
7.374450000000000000e+05
7.374430000000000000e+05
7.374430000000000000e+05
7.374380000000000000e+05
7.374380000000000000e+05
7.374370000000000000e+05
7.374360000000000000e+05
7.374350000000000000e+05
7.374350000000000000e+05
7.374330000000000000e+05
7.374320000000000000e+05
7.374310000000000000e+05
7.374300000000000000e+05
7.374300000000000000e+05
7.374300000000000000e+05
7.374300000000000000e+05
7.374300000000000000e+05
7.374300000000000000e+05
7.374290000000000000e+05
7.374290000000000000e+05
7.374290000000000000e+05
7.374280000000000000e+05
7.374280000000000000e+05
7.374280000000000000e+05
7.374260000000000000e+05
7.374260000000000000e+05
7.374260000000000000e+05
7.374250000000000000e+05
7.374250000000000000e+05
7.374250000000000000e+05
7.374240000000000000e+05
7.374230000000000000e+05
7.374230000000000000e+05
7.374230000000000000e+05
7.374220000000000000e+05
7.374210000000000000e+05
7.374210000000000000e+05
7.374210000000000000e+05
7.374200000000000000e+05
7.374200000000000000e+05
7.374190000000000000e+05
7.374190000000000000e+05
7.374160000000000000e+05
7.374160000000000000e+05
7.374150000000000000e+05
7.374150000000000000e+05
7.374140000000000000e+05
7.374140000000000000e+05
7.374120000000000000e+05
7.374100000000000000e+05
7.374100000000000000e+05
7.374100000000000000e+05
7.374090000000000000e+05
7.374070000000000000e+05
7.374040000000000000e+05
7.374040000000000000e+05
7.374030000000000000e+05
7.373830000000000000e+05
7.373830000000000000e+05
7.373820000000000000e+05
7.373820000000000000e+05
7.373800000000000000e+05
7.373760000000000000e+05
