7.376830000000000000e+05
7.375390000000000000e+05
7.375120000000000000e+05
7.375120000000000000e+05
7.375070000000000000e+05
7.374830000000000000e+05
7.374800000000000000e+05
7.374650000000000000e+05
7.374600000000000000e+05
7.374570000000000000e+05
7.374530000000000000e+05
7.374520000000000000e+05
7.374520000000000000e+05
7.374520000000000000e+05
7.374510000000000000e+05
7.374480000000000000e+05
7.374480000000000000e+05
7.374460000000000000e+05
7.374450000000000000e+05
7.374440000000000000e+05
7.374440000000000000e+05
7.374440000000000000e+05
7.374440000000000000e+05
7.374430000000000000e+05
7.374430000000000000e+05
7.374430000000000000e+05
7.374430000000000000e+05
7.374430000000000000e+05
7.374420000000000000e+05
7.374420000000000000e+05
7.374420000000000000e+05
7.374420000000000000e+05
7.374420000000000000e+05
7.374400000000000000e+05
7.374400000000000000e+05
7.374400000000000000e+05
7.374380000000000000e+05
7.374380000000000000e+05
7.374380000000000000e+05
7.374380000000000000e+05
7.374380000000000000e+05
7.374380000000000000e+05
7.374380000000000000e+05
7.374380000000000000e+05
7.374380000000000000e+05
7.374380000000000000e+05
7.374370000000000000e+05
7.374370000000000000e+05
7.374370000000000000e+05
7.374370000000000000e+05
7.374370000000000000e+05
7.374370000000000000e+05
7.374370000000000000e+05
7.374360000000000000e+05
7.374360000000000000e+05
7.374360000000000000e+05
7.374360000000000000e+05
7.374360000000000000e+05
7.374350000000000000e+05
7.374350000000000000e+05
7.374350000000000000e+05
7.374350000000000000e+05
7.374350000000000000e+05
7.374340000000000000e+05
7.374330000000000000e+05
7.374330000000000000e+05
7.374320000000000000e+05
7.374320000000000000e+05
7.374320000000000000e+05
7.374320000000000000e+05
7.374310000000000000e+05
7.374310000000000000e+05
7.374310000000000000e+05
7.374310000000000000e+05
7.374310000000000000e+05
7.374310000000000000e+05
7.374310000000000000e+05
7.374310000000000000e+05
7.374310000000000000e+05
7.374300000000000000e+05
7.374300000000000000e+05
7.374300000000000000e+05
7.374300000000000000e+05
7.374300000000000000e+05
7.374300000000000000e+05
7.374300000000000000e+05
7.374300000000000000e+05
7.374300000000000000e+05
7.374300000000000000e+05
7.374300000000000000e+05
7.374300000000000000e+05
7.374300000000000000e+05
7.374300000000000000e+05
7.374300000000000000e+05
7.374300000000000000e+05
7.374300000000000000e+05
7.374300000000000000e+05
7.374290000000000000e+05
7.374290000000000000e+05
7.374290000000000000e+05
7.374290000000000000e+05
7.374290000000000000e+05
7.374290000000000000e+05
7.374290000000000000e+05
7.374290000000000000e+05
7.374290000000000000e+05
7.374290000000000000e+05
7.374290000000000000e+05
7.374290000000000000e+05
7.374290000000000000e+05
7.374290000000000000e+05
7.374290000000000000e+05
7.374290000000000000e+05
7.374290000000000000e+05
7.374290000000000000e+05
7.374290000000000000e+05
7.374290000000000000e+05
7.374290000000000000e+05
7.374290000000000000e+05
7.374290000000000000e+05
7.374280000000000000e+05
7.374280000000000000e+05
7.374280000000000000e+05
7.374280000000000000e+05
7.374270000000000000e+05
7.374270000000000000e+05
7.374250000000000000e+05
7.374250000000000000e+05
7.374240000000000000e+05
7.374230000000000000e+05
7.374230000000000000e+05
7.374220000000000000e+05
7.374210000000000000e+05
7.374210000000000000e+05
7.374210000000000000e+05
7.374210000000000000e+05
7.374200000000000000e+05
7.374190000000000000e+05
7.374190000000000000e+05
7.374190000000000000e+05
7.374180000000000000e+05
7.374170000000000000e+05
7.374150000000000000e+05
7.374140000000000000e+05
7.374120000000000000e+05
7.374080000000000000e+05
7.374030000000000000e+05
