7.375897833333333256e+05
7.375394381944444031e+05
7.374827638888888760e+05
7.374596694444444729e+05
7.374565506944444496e+05
7.374548506944444962e+05
7.374528312500000466e+05
7.374498333333333721e+05
7.374498326388888527e+05
7.374489472222222248e+05
7.374467395833333721e+05
7.374465208333333721e+05
7.374460083333333023e+05
7.374460076388888992e+05
7.374460069444444962e+05
7.374460062499999767e+05
7.374455812500000466e+05
7.374448986111111008e+05
7.374429847222222015e+05
7.374428784722222481e+05
7.374425076388888992e+05
7.374408055555555038e+05
7.374404354166666744e+05
7.374398986111111008e+05
7.374398979166666977e+05
7.374393506944444962e+05
7.374393493055555737e+05
7.374389201388888760e+05
7.374389187499999534e+05
7.374388465277777286e+05
7.374368493055555737e+05
7.374364583333333721e+05
7.374364576388888527e+05
7.374364354166666744e+05
7.374359159722222248e+05
7.374359152777778218e+05
7.374357937499999534e+05
7.374356465277777752e+05
7.374355999999999767e+05
7.374355993055555737e+05
7.374355986111110542e+05
7.374355638888889225e+05
7.374353166666666511e+05
7.374349090277777286e+05
7.374349069444444031e+05
7.374349062500000000e+05
7.374347965277777985e+05
7.374345305555555969e+05
7.374344097222222481e+05
7.374344090277777286e+05
7.374339875000000466e+05
7.374339847222222015e+05
7.374339826388888760e+05
7.374338312500000466e+05
7.374337194444444031e+05
7.374336069444444729e+05
7.374336027777778218e+05
7.374335111111111473e+05
7.374334381944444031e+05
7.374334375000000000e+05
7.374334368055555969e+05
7.374334361111110775e+05
7.374328743055555969e+05
7.374328104166666744e+05
7.374328097222222714e+05
7.374327111111111008e+05
7.374326381944444729e+05
7.374326374999999534e+05
7.374325618055555969e+05
7.374325611111110775e+05
7.374325604166666744e+05
7.374325201388888527e+05
7.374325194444444496e+05
7.374325173611111240e+05
7.374325166666667210e+05
7.374322131944444263e+05
7.374322111111111008e+05
7.374320104166666279e+05
7.374320090277778218e+05
7.374319909722221782e+05
7.374319888888888527e+05
7.374319875000000466e+05
7.374319847222222015e+05
7.374319291666666977e+05
7.374319284722221782e+05
7.374319277777777752e+05
7.374317979166667210e+05
7.374317361111111240e+05
7.374317319444444729e+05
7.374317277777778218e+05
7.374317270833333023e+05
7.374317243055555737e+05
7.374316722222222015e+05
7.374316708333332790e+05
7.374316680555555504e+05
7.374316590277777286e+05
7.374316319444444962e+05
7.374316090277777985e+05
7.374316034722222248e+05
7.374316027777778218e+05
7.374315812500000466e+05
7.374315604166666744e+05
7.374314270833333721e+05
7.374314263888888527e+05
7.374314236111111240e+05
7.374314208333332790e+05
7.374314187499999534e+05
7.374314173611111473e+05
7.374314159722222248e+05
7.374314152777778218e+05
7.374314145833333023e+05
7.374314124999999767e+05
7.374314111111110542e+05
7.374310354166666511e+05
7.374309576388888527e+05
7.374309562500000466e+05
7.374309548611111240e+05
7.374308715277777519e+05
7.374304840277777985e+05
7.374304229166667210e+05
7.374304208333332790e+05
7.374300562500000233e+05
7.374299472222222248e+05
7.374298569444444729e+05
7.374294812499999534e+05
7.374293944444444496e+05
7.374293916666667210e+05
7.374290597222222714e+05
7.374289145833333023e+05
7.374284305555555038e+05
7.374284263888888527e+05
7.374284250000000466e+05
7.374281006944444962e+05
7.374280979166666511e+05
7.374279006944444263e+05
7.374274305555555038e+05
7.374268986111111008e+05
7.374267090277777752e+05
7.374266743055555271e+05
7.374263930555555271e+05
7.374260694444444962e+05
7.374248375000000233e+05
7.374243840277778218e+05
7.374240500000000466e+05
7.374234145833333023e+05
7.374234138888888992e+05
7.374234118055555737e+05
7.374234111111110542e+05
7.374234104166666511e+05
7.374227513888889225e+05
7.374223854166666279e+05
7.374223847222222248e+05
7.374219916666666977e+05
7.374204368055555969e+05
7.374170881944444263e+05
7.374167652777777985e+05
7.374160798611111240e+05
7.374139979166666744e+05
7.374129298611111008e+05
7.374122840277777286e+05
7.374051590277777286e+05
7.374047069444444496e+05
7.374045638888889225e+05
7.374042055555555271e+05
7.373991062499999534e+05
7.373845048611110542e+05
7.373828541666666279e+05
