7.375169687500000000e+05
7.375064124999999767e+05
7.374924604166666977e+05
7.374793930555555271e+05
7.374764368055555969e+05
7.374635083333333023e+05
7.374628958333333721e+05
7.374626444444444496e+05
7.374614951388889458e+05
7.374586902777777286e+05
7.374579987268518889e+05
7.374548576388888760e+05
7.374510118055555504e+05
7.374494416666666511e+05
7.374494409722222481e+05
7.374475625000000000e+05
7.374457416666666977e+05
7.374447569444444962e+05
7.374420444444444729e+05
7.374409020833333489e+05
7.374409013888889458e+05
7.374409000000000233e+05
7.374408993055555038e+05
7.374398000000000466e+05
7.374396270833333256e+05
7.374394048611110775e+05
7.374388118055555969e+05
7.374387055555555271e+05
7.374377444444444263e+05
7.374375729166666279e+05
7.374375722222222248e+05
7.374375715277778218e+05
7.374373041666666977e+05
7.374373013888888527e+05
7.374373006944444496e+05
7.374368173611110542e+05
7.374364006944444263e+05
7.374363986111111008e+05
7.374363979166666977e+05
7.374363972222221782e+05
7.374363965277777752e+05
7.374359395833333256e+05
7.374359331018518424e+05
7.374358770833333256e+05
7.374358722222222714e+05
7.374356591435185401e+05
7.374354520833332790e+05
7.374349355324073695e+05
7.374349326388889458e+05
7.374347152777777519e+05
7.374346590277777286e+05
7.374344513888888760e+05
7.374343840277778218e+05
7.374343833333333023e+05
7.374338645833333721e+05
7.374337743055555038e+05
7.374337729166666977e+05
7.374337465277777519e+05
7.374335222222221782e+05
7.374334555555555271e+05
7.374334229166667210e+05
7.374334222222222015e+05
7.374334215277777985e+05
7.374334208333332790e+05
7.374334201388888760e+05
7.374330625000000000e+05
7.374326652777778218e+05
7.374326604166666511e+05
7.374326091435184935e+05
7.374326006944444962e+05
7.374325999999999767e+05
7.374325993055555737e+05
7.374325986111110542e+05
7.374325979166666511e+05
7.374325972222222481e+05
7.374324173611111473e+05
7.374324152777778218e+05
7.374324145833333023e+05
7.374324138888888992e+05
7.374319527777777985e+05
7.374319083333333256e+05
7.374318805555555737e+05
7.374318784722222481e+05
7.374318319444444496e+05
7.374316486111111008e+05
7.374316333333333023e+05
7.374315898148148553e+05
7.374315826388888527e+05
7.374315381944444962e+05
7.374315305555555969e+05
7.374314256944444496e+05
7.374314243055555271e+05
7.374314215277777985e+05
7.374309284722221782e+05
7.374308833333333023e+05
7.374307874999999767e+05
7.374307466435185634e+05
7.374306374999999534e+05
7.374306368055555504e+05
7.374306364583333489e+05
7.374306363425925374e+05
7.374306362268518424e+05
7.374306361111111473e+05
7.374306340277778218e+05
7.374306069444444729e+05
7.374305777777777985e+05
7.374305333333333256e+05
7.374305312500000000e+05
7.374305305555555969e+05
7.374305062499999767e+05
7.374305001157406950e+05
7.374304236111111240e+05
7.374298736111110775e+05
7.374298216435185168e+05
7.374298069444444263e+05
7.374296444444444496e+05
7.374296437500000466e+05
7.374294270833333721e+05
7.374294256944444496e+05
7.374293944444444496e+05
7.374293895833332790e+05
7.374290628472222015e+05
7.374287548611110542e+05
7.374286236111110775e+05
7.374284362268518889e+05
7.374284027777777519e+05
7.374284020833333489e+05
7.374279854166667210e+05
7.374279118055555737e+05
7.374279111111110542e+05
7.374279104166666511e+05
7.374277167824073695e+05
7.374274986111110775e+05
7.374271313657407882e+05
7.374267423611111008e+05
7.374256355324074393e+05
7.374244149305555038e+05
7.374244124999999767e+05
7.374239702546296176e+05
7.374239680555555969e+05
7.374238451388889225e+05
7.374237506944444031e+05
7.374237500000000000e+05
7.374236076388888760e+05
7.374228090277777519e+05
7.374218291666667210e+05
7.374214680555555969e+05
7.374213777777777286e+05
7.374207320601851679e+05
7.374184121759259142e+05
7.374184110300926259e+05
7.374177973842592910e+05
7.374172644675925840e+05
7.374172628240740160e+05
7.374171275462963386e+05
7.374168190740740392e+05
7.374166189351851353e+05
7.374165516898147762e+05
7.374155152314815205e+05
7.374149310763889225e+05
7.374141384374999907e+05
7.374128045138888992e+05
7.374055070138889132e+05
7.373816942939815344e+05
