7.374685201388888527e+05
7.374554041666666744e+05
7.374519861111111240e+05
7.374488173611110542e+05
7.374486673611111473e+05
7.374469652777777519e+05
7.374463631944444496e+05
7.374407041666667210e+05
7.374400152777777985e+05
7.374400145833332790e+05
7.374399236111111240e+05
7.374399222222222015e+05
7.374388791666666511e+05
7.374378312500000466e+05
7.374378125000000000e+05
7.374376416666667210e+05
7.374374006944444263e+05
7.374367444444444263e+05
7.374367423611111008e+05
7.374359666666666744e+05
7.374357055555555271e+05
7.374357048611111240e+05
7.374354270833333721e+05
7.374354243055555271e+05
7.374350284722222714e+05
7.374349284722221782e+05
7.374349277777777752e+05
7.374346187500000233e+05
7.374343062500000233e+05
7.374343055555555038e+05
7.374343048611111008e+05
7.374343041666666977e+05
7.374343034722221782e+05
7.374343013888888527e+05
7.374343006944444496e+05
7.374339979166666744e+05
7.374339972222222714e+05
7.374337451388889458e+05
7.374334055555555969e+05
7.374334048611110775e+05
7.374334041666666744e+05
7.374334034722222714e+05
7.374334027777777519e+05
7.374328104166666744e+05
7.374328097222222714e+05
7.374326368055555504e+05
7.374324840277777985e+05
7.374324833333332790e+05
7.374323451388889225e+05
7.374323444444444031e+05
7.374323416666666744e+05
7.374323381944444263e+05
7.374323340277777752e+05
7.374323333333333721e+05
7.374323326388888527e+05
7.374320069444444962e+05
7.374320062499999767e+05
7.374318979166666977e+05
7.374318972222221782e+05
7.374318958333333721e+05
7.374318722222222714e+05
7.374318666666666977e+05
7.374318527777778218e+05
7.374318499999999767e+05
7.374318493055555737e+05
7.374318486111110542e+05
7.374318479166666511e+05
7.374317527777777286e+05
7.374317506944444031e+05
7.374316694444444729e+05
7.374316034722222248e+05
7.374314673611110775e+05
7.374313784722222481e+05
7.374313777777777286e+05
7.374313472222222481e+05
7.374313465277777286e+05
7.374313375000000233e+05
7.374310513888888527e+05
7.374308701388889458e+05
7.374308687500000233e+05
7.374307784722222714e+05
7.374307777777777519e+05
7.374307402777777752e+05
7.374306694444444729e+05
7.374306687499999534e+05
7.374306104166667210e+05
7.374306097222222015e+05
7.374306090277777985e+05
7.374305104166666279e+05
7.374305097222222248e+05
7.374304034722222714e+05
7.374297097222221782e+05
7.374293590277777985e+05
7.374293583333332790e+05
7.374288791666666511e+05
7.374288763888889225e+05
7.374287569444444962e+05
7.374286659722222248e+05
7.374286652777778218e+05
7.374286645833333023e+05
7.374286618055555737e+05
7.374286611111110542e+05
7.374283986111111008e+05
7.374283979166666977e+05
7.374283972222221782e+05
7.374283965277777752e+05
7.374283958333333721e+05
7.374283951388888527e+05
7.374283944444444496e+05
7.374280250000000233e+05
7.374280243055555038e+05
7.374280236111111008e+05
7.374278298611111240e+05
7.374278291666667210e+05
7.374278243055555504e+05
7.374276833333333489e+05
7.374276298611110542e+05
7.374276291666666511e+05
7.374276284722222481e+05
7.374276277777777286e+05
7.374273868055555504e+05
7.374273854166666279e+05
7.374269312500000233e+05
7.374267638888888760e+05
7.374267590277778218e+05
7.374267576388888992e+05
7.374267569444444962e+05
7.374267562499999767e+05
7.374267548611110542e+05
7.374266500000000233e+05
7.374266493055555038e+05
7.374265402777778218e+05
7.374265395833333023e+05
7.374265388888888992e+05
7.374264763888888992e+05
7.374256368055555504e+05
7.374254305555555038e+05
7.374249243055555271e+05
7.374248465277777286e+05
7.374248444444444031e+05
7.374246590277777286e+05
7.374246583333333256e+05
7.374246576388889225e+05
7.374245201388888527e+05
7.374245194444444496e+05
7.374245187500000466e+05
7.374240506944444496e+05
7.374240041666666511e+05
7.374239222222222015e+05
7.374239215277777985e+05
7.374236159722221782e+05
7.374236152777777752e+05
7.374233597222222015e+05
7.374233590277777985e+05
7.374230347222222481e+05
7.374228611111111240e+05
7.374228604166667210e+05
7.374228597222222015e+05
7.374225590277777519e+05
7.374224618055555038e+05
7.374224611111111008e+05
7.374224604166666977e+05
7.374222861111110542e+05
7.374218444444444031e+05
7.374217645833332790e+05
7.374217638888888760e+05
7.374217631944444729e+05
7.374216166666666977e+05
7.374216159722221782e+05
7.374216152777777752e+05
7.374216145833333721e+05
7.374215354166666511e+05
7.374215340277777286e+05
7.374214277777777752e+05
7.374213590277777985e+05
7.374213583333332790e+05
7.374208451388889225e+05
7.374208444444444031e+05
7.374208437500000000e+05
7.374208430555555969e+05
7.374207666666667210e+05
7.374207652777777985e+05
7.374206423611111240e+05
7.374206416666667210e+05
7.374203229166666279e+05
7.374203187499999767e+05
7.374203180555555737e+05
7.374202784722222714e+05
7.374202777777777519e+05
7.374202770833333489e+05
7.374202763888889458e+05
7.374202756944444263e+05
7.374202750000000233e+05
7.374202743055555038e+05
7.374202736111111008e+05
7.374202729166666977e+05
7.374202722222221782e+05
7.374202715277777752e+05
7.374195791666667210e+05
7.374195784722222015e+05
7.374195777777777985e+05
7.374194124999999767e+05
7.374194104166666511e+05
7.374194097222222481e+05
7.374194090277777286e+05
7.374187791666666744e+05
7.374187784722222714e+05
7.374187777777777519e+05
7.374187770833333489e+05
7.374186319444444962e+05
7.374183097222222714e+05
7.374183090277777519e+05
7.374178736111110775e+05
7.374177541666666511e+05
7.374177243055555737e+05
7.374177236111110542e+05
7.374177229166666511e+05
7.374175097222222248e+05
7.374175090277778218e+05
7.374175083333333023e+05
7.374175076388888992e+05
7.374175069444444962e+05
7.374175062499999767e+05
7.374173298611111240e+05
7.374172861111110542e+05
7.374172847222222481e+05
7.374172826388889225e+05
7.374165868055555038e+05
7.374165861111111008e+05
7.374164416666666511e+05
7.374164104166666511e+05
7.374161034722222248e+05
7.374161027777778218e+05
7.374161020833333023e+05
7.374161013888888992e+05
7.374161006944444962e+05
7.374156250000000000e+05
7.374156243055555969e+05
7.374154354166666744e+05
7.374153263888888760e+05
7.374152569444444962e+05
7.374151256944444031e+05
7.374151250000000000e+05
7.374151243055555969e+05
7.374151236111110775e+05
7.374151229166666744e+05
7.374151222222222714e+05
7.374151215277777519e+05
7.374151208333333489e+05
7.374151201388889458e+05
7.374151187500000233e+05
7.374147076388888527e+05
7.374147069444444496e+05
7.374147062500000466e+05
7.374147055555555271e+05
7.374146951388888992e+05
7.374146194444444263e+05
7.374145902777777519e+05
7.374143909722222015e+05
7.374143902777777985e+05
7.374143895833332790e+05
7.374141284722222481e+05
7.374141277777777286e+05
7.374141270833333256e+05
7.374141263888889225e+05
7.374141256944444031e+05
7.374141250000000000e+05
7.374141243055555969e+05
7.374141236111110775e+05
7.374141229166666744e+05
7.374141222222222714e+05
7.374141208333333489e+05
7.374136868055555969e+05
7.374136756944444496e+05
7.374136750000000466e+05
7.374136743055555271e+05
7.374135284722222714e+05
7.374135222222221782e+05
7.374133687500000233e+05
7.374133444444444031e+05
7.374131229166666744e+05
7.374131222222222714e+05
7.374131215277777519e+05
7.374131208333333489e+05
7.374131201388889458e+05
7.374131194444444263e+05
7.374131187500000233e+05
7.374131180555555038e+05
7.374131173611111008e+05
7.374131166666666977e+05
7.374131159722221782e+05
7.374127215277777286e+05
7.374127194444444031e+05
7.374127006944444729e+05
7.374126472222221782e+05
7.374123583333332790e+05
7.374123576388888760e+05
7.374122833333333256e+05
7.374122826388889225e+05
7.374120916666666744e+05
7.374120909722222714e+05
7.374120902777777519e+05
7.374120895833333489e+05
7.374120888888889458e+05
7.374120881944444263e+05
7.374120875000000233e+05
7.374120868055555038e+05
7.374116847222222714e+05
7.374116840277777519e+05
7.374115368055555737e+05
7.374115354166666511e+05
7.374111215277777519e+05
7.374111208333333489e+05
7.374111201388889458e+05
7.374111187500000233e+05
7.374111180555555038e+05
7.374111173611111008e+05
7.374111166666666977e+05
7.374111159722221782e+05
7.374111152777777752e+05
7.374111145833333721e+05
7.374098791666666511e+05
7.374096361111111473e+05
7.374089395833333256e+05
7.374086250000000000e+05
7.374086243055555969e+05
7.374086236111110775e+05
7.374086229166666744e+05
7.374086222222222714e+05
7.374078631944444496e+05
7.374078625000000466e+05
7.374078618055555271e+05
7.374075215277777752e+05
7.374074486111111473e+05
7.374073888888888760e+05
7.374073874999999534e+05
7.374073868055555504e+05
7.374073861111111473e+05
7.374068833333333023e+05
7.374068777777777286e+05
7.374068770833333256e+05
7.374066451388888527e+05
7.374064270833333721e+05
7.374064256944444496e+05
7.374062861111110542e+05
7.374062854166666511e+05
7.374060569444444263e+05
7.374060555555555038e+05
7.374060548611111008e+05
7.374060541666666977e+05
7.374060534722221782e+05
7.374060527777777752e+05
7.374060520833333721e+05
7.374058902777777985e+05
7.374057229166666511e+05
7.374053326388888527e+05
7.374049861111111240e+05
7.374049847222222015e+05
7.374049465277778218e+05
7.374043833333333023e+05
7.374042812500000000e+05
7.374042805555555969e+05
7.374042798611110775e+05
7.374042791666666744e+05
7.374042784722222714e+05
7.374042777777777519e+05
7.374034159722222248e+05
7.374004395833333256e+05
7.373895118055555504e+05
7.373846125000000466e+05
7.373829659722222714e+05
7.373825083333333023e+05
7.373799763888888992e+05
7.373794076388889225e+05
7.373786548611110775e+05
7.373786250000000000e+05
7.373757715277777752e+05
