7.375390000000000000e+05
7.375280000000000000e+05
7.374670000000000000e+05
7.374630000000000000e+05
7.374590000000000000e+05
7.374510000000000000e+05
7.374510000000000000e+05
7.374510000000000000e+05
7.374480000000000000e+05
7.374460000000000000e+05
7.374460000000000000e+05
7.374460000000000000e+05
7.374460000000000000e+05
7.374460000000000000e+05
7.374440000000000000e+05
7.374440000000000000e+05
7.374430000000000000e+05
7.374430000000000000e+05
7.374430000000000000e+05
7.374430000000000000e+05
7.374420000000000000e+05
7.374420000000000000e+05
7.374420000000000000e+05
7.374420000000000000e+05
7.374420000000000000e+05
7.374420000000000000e+05
7.374420000000000000e+05
7.374420000000000000e+05
7.374420000000000000e+05
7.374420000000000000e+05
7.374400000000000000e+05
7.374380000000000000e+05
7.374380000000000000e+05
7.374380000000000000e+05
7.374380000000000000e+05
7.374380000000000000e+05
7.374380000000000000e+05
7.374380000000000000e+05
7.374380000000000000e+05
7.374370000000000000e+05
7.374370000000000000e+05
7.374370000000000000e+05
7.374370000000000000e+05
7.374360000000000000e+05
7.374360000000000000e+05
7.374360000000000000e+05
7.374360000000000000e+05
7.374350000000000000e+05
7.374350000000000000e+05
7.374350000000000000e+05
7.374350000000000000e+05
7.374330000000000000e+05
7.374320000000000000e+05
7.374320000000000000e+05
7.374310000000000000e+05
7.374300000000000000e+05
7.374300000000000000e+05
7.374300000000000000e+05
7.374300000000000000e+05
7.374300000000000000e+05
7.374300000000000000e+05
7.374300000000000000e+05
7.374300000000000000e+05
7.374300000000000000e+05
7.374300000000000000e+05
7.374300000000000000e+05
7.374300000000000000e+05
7.374300000000000000e+05
7.374300000000000000e+05
7.374300000000000000e+05
7.374300000000000000e+05
7.374300000000000000e+05
7.374300000000000000e+05
7.374300000000000000e+05
7.374300000000000000e+05
7.374300000000000000e+05
7.374300000000000000e+05
7.374300000000000000e+05
7.374300000000000000e+05
7.374300000000000000e+05
7.374300000000000000e+05
7.374300000000000000e+05
7.374300000000000000e+05
7.374300000000000000e+05
7.374300000000000000e+05
7.374300000000000000e+05
7.374290000000000000e+05
7.374290000000000000e+05
7.374290000000000000e+05
7.374290000000000000e+05
7.374290000000000000e+05
7.374290000000000000e+05
7.374290000000000000e+05
7.374290000000000000e+05
7.374290000000000000e+05
7.374290000000000000e+05
7.374290000000000000e+05
7.374290000000000000e+05
7.374290000000000000e+05
7.374290000000000000e+05
7.374290000000000000e+05
7.374290000000000000e+05
7.374290000000000000e+05
7.374290000000000000e+05
7.374290000000000000e+05
7.374290000000000000e+05
7.374290000000000000e+05
7.374290000000000000e+05
7.374290000000000000e+05
7.374290000000000000e+05
7.374290000000000000e+05
7.374290000000000000e+05
7.374290000000000000e+05
7.374290000000000000e+05
7.374290000000000000e+05
7.374290000000000000e+05
7.374290000000000000e+05
7.374280000000000000e+05
7.374280000000000000e+05
7.374280000000000000e+05
7.374280000000000000e+05
7.374270000000000000e+05
7.374270000000000000e+05
7.374270000000000000e+05
7.374250000000000000e+05
7.374250000000000000e+05
7.374250000000000000e+05
7.374240000000000000e+05
7.374240000000000000e+05
7.374240000000000000e+05
7.374240000000000000e+05
7.374230000000000000e+05
7.374220000000000000e+05
7.374220000000000000e+05
7.374210000000000000e+05
7.374210000000000000e+05
7.374200000000000000e+05
7.374200000000000000e+05
7.374200000000000000e+05
7.374200000000000000e+05
7.374160000000000000e+05
7.374120000000000000e+05
