7.376010000000000000e+05
7.375090000000000000e+05
7.374880000000000000e+05
7.374660000000000000e+05
7.374640000000000000e+05
7.374640000000000000e+05
7.374520000000000000e+05
7.374510000000000000e+05
7.374460000000000000e+05
7.374450000000000000e+05
7.374400000000000000e+05
7.374400000000000000e+05
7.374400000000000000e+05
7.374390000000000000e+05
7.374380000000000000e+05
7.374380000000000000e+05
7.374380000000000000e+05
7.374370000000000000e+05
7.374370000000000000e+05
7.374370000000000000e+05
7.374370000000000000e+05
7.374370000000000000e+05
7.374370000000000000e+05
7.374370000000000000e+05
7.374350000000000000e+05
7.374350000000000000e+05
7.374350000000000000e+05
7.374340000000000000e+05
7.374340000000000000e+05
7.374340000000000000e+05
7.374340000000000000e+05
7.374340000000000000e+05
7.374340000000000000e+05
7.374330000000000000e+05
7.374330000000000000e+05
7.374330000000000000e+05
7.374330000000000000e+05
7.374320000000000000e+05
7.374320000000000000e+05
7.374320000000000000e+05
7.374320000000000000e+05
7.374320000000000000e+05
7.374320000000000000e+05
7.374320000000000000e+05
7.374320000000000000e+05
7.374320000000000000e+05
7.374320000000000000e+05
7.374310000000000000e+05
7.374310000000000000e+05
7.374310000000000000e+05
7.374310000000000000e+05
7.374310000000000000e+05
7.374310000000000000e+05
7.374310000000000000e+05
7.374310000000000000e+05
7.374310000000000000e+05
7.374300000000000000e+05
7.374300000000000000e+05
7.374300000000000000e+05
7.374300000000000000e+05
7.374300000000000000e+05
7.374290000000000000e+05
7.374290000000000000e+05
7.374290000000000000e+05
7.374290000000000000e+05
7.374290000000000000e+05
7.374290000000000000e+05
7.374290000000000000e+05
7.374290000000000000e+05
7.374290000000000000e+05
7.374290000000000000e+05
7.374290000000000000e+05
7.374290000000000000e+05
7.374290000000000000e+05
7.374280000000000000e+05
7.374280000000000000e+05
7.374280000000000000e+05
7.374280000000000000e+05
7.374280000000000000e+05
7.374280000000000000e+05
7.374280000000000000e+05
7.374280000000000000e+05
7.374280000000000000e+05
7.374270000000000000e+05
7.374270000000000000e+05
7.374270000000000000e+05
7.374260000000000000e+05
7.374260000000000000e+05
7.374260000000000000e+05
7.374260000000000000e+05
7.374260000000000000e+05
7.374250000000000000e+05
7.374250000000000000e+05
7.374250000000000000e+05
7.374250000000000000e+05
7.374250000000000000e+05
7.374250000000000000e+05
7.374250000000000000e+05
7.374250000000000000e+05
7.374240000000000000e+05
7.374240000000000000e+05
7.374240000000000000e+05
7.374240000000000000e+05
7.374180000000000000e+05
7.374160000000000000e+05
7.374150000000000000e+05
7.374140000000000000e+05
7.374130000000000000e+05
7.374130000000000000e+05
