7.376519583333333721e+05
7.375014645833333489e+05
7.374565701388888992e+05
7.374545291666666744e+05
7.374543652777777752e+05
7.374505805555555271e+05
7.374502423611111008e+05
7.374493881944444729e+05
7.374490902777777519e+05
7.374482708333333721e+05
7.374476062499999534e+05
7.374470847222221782e+05
7.374470840277777752e+05
7.374433673611111008e+05
7.374407041666667210e+05
7.374396687499999534e+05
7.374392097222221782e+05
7.374382763888889458e+05
7.374382750000000233e+05
7.374382743055555038e+05
7.374375979166666511e+05
7.374375965277777286e+05
7.374371090277777985e+05
7.374371083333332790e+05
7.374371076388888760e+05
7.374362965277777985e+05
7.374362951388888760e+05
7.374361298611110542e+05
7.374359645833333489e+05
7.374359638888889458e+05
7.374359631944444263e+05
7.374357159722222714e+05
7.374357104166666977e+05
7.374356381944444729e+05
7.374356354166666279e+05
7.374355305555555969e+05
7.374355298611110775e+05
7.374355291666666744e+05
7.374355263888889458e+05
7.374354625000000233e+05
7.374350381944444962e+05
7.374350374999999767e+05
7.374350361111110542e+05
7.374350347222222481e+05
7.374348083333333489e+05
7.374348076388889458e+05
7.374347756944444263e+05
7.374347750000000233e+05
7.374347736111111008e+05
7.374346048611111473e+05
7.374346034722222248e+05
7.374344569444444496e+05
7.374341243055555969e+05
7.374340743055555504e+05
7.374340736111111473e+05
7.374340729166666279e+05
7.374340722222222248e+05
7.374340715277778218e+05
7.374340701388888992e+05
7.374340687499999767e+05
7.374340680555555737e+05
7.374340659722222481e+05
7.374336604166666511e+05
7.374329687500000000e+05
7.374329437499999767e+05
7.374329416666666511e+05
7.374329402777777286e+05
7.374327173611110775e+05
7.374326930555555737e+05
7.374326652777778218e+05
7.374325159722222015e+05
7.374324861111111240e+05
7.374324326388889458e+05
7.374321958333333023e+05
7.374320437499999534e+05
7.374320291666666744e+05
7.374319694444444031e+05
7.374319506944444729e+05
7.374318743055555969e+05
7.374318736111110775e+05
7.374318722222222714e+05
7.374318715277777519e+05
7.374318702546296408e+05
7.374318666666666977e+05
7.374316194444444263e+05
7.374315569444444263e+05
7.374314451388888992e+05
7.374314430555555737e+05
7.374313861111111473e+05
7.374313854166666279e+05
7.374313840277778218e+05
7.374313833333333023e+05
7.374313826388888992e+05
7.374313819444444962e+05
7.374309097222222481e+05
7.374309090277777286e+05
7.374308701388889458e+05
7.374308694444444263e+05
7.374307520833333256e+05
7.374307118055555038e+05
7.374306305555555737e+05
7.374306298611110542e+05
7.374304034722222714e+05
7.374303986111111008e+05
7.374303979166666977e+05
7.374303972222221782e+05
7.374300444444444729e+05
7.374300423611111473e+05
7.374300027777777286e+05
7.374299069444444031e+05
7.374297104166666977e+05
7.374297097222221782e+05
7.374296916666666511e+05
7.374293909722222015e+05
7.374293895833332790e+05
7.374288569444444729e+05
7.374287500000000000e+05
7.374287493055555969e+05
7.374287472222222714e+05
7.374286013888888992e+05
7.374286006944444962e+05
7.374279375000000000e+05
7.374278555555555504e+05
7.374278548611111473e+05
7.374278534722222248e+05
7.374276652777778218e+05
7.374275083333333023e+05
7.374274180555555504e+05
7.374269042824073695e+05
7.374267638888888760e+05
7.374267402777777752e+05
7.374266750000000466e+05
7.374265645833333256e+05
7.374263923611111240e+05
7.374248138888889225e+05
7.374240013888889225e+05
7.374240008101852145e+05
7.374240006944444031e+05
7.374239986111110775e+05
7.374239979166666744e+05
7.374239972222222714e+05
7.374237409722221782e+05
7.374234229166667210e+05
7.374227194444444031e+05
7.374227187500000000e+05
7.374217076388888527e+05
7.374200291666666744e+05
7.374189312500000233e+05
7.374169458333333023e+05
7.374155993055555737e+05
7.374146812500000233e+05
7.374135034722222481e+05
7.374128180555555737e+05
7.374125076388888992e+05
7.374124208333332790e+05
7.374098159722222481e+05
7.374089527777777985e+05
7.374077097222221782e+05
7.374069499999999534e+05
7.373911083333332790e+05
