7.374686437500000466e+05
7.374619229166667210e+05
7.374555590277777519e+05
7.374554034722222714e+05
7.374534208333332790e+05
7.374474229166667210e+05
7.374424951388889458e+05
7.374424944444444263e+05
7.374420361111110542e+05
7.374405131944444729e+05
7.374405118055555504e+05
7.374396826388889458e+05
7.374389743055555737e+05
7.374384972222222714e+05
7.374378874999999534e+05
7.374378868055555504e+05
7.374378861111111473e+05
7.374374020833333489e+05
7.374367430555555038e+05
7.374367416666666977e+05
7.374357027777777985e+05
7.374354263888888527e+05
7.374354256944444496e+05
7.374349263888888527e+05
7.374347597222222248e+05
7.374347590277778218e+05
7.374347583333333023e+05
7.374345194444444496e+05
7.374345187500000466e+05
7.374339965277777519e+05
7.374337895833333023e+05
7.374337888888888992e+05
7.374337881944444962e+05
7.374337611111111473e+05
7.374337604166666279e+05
7.374337590277778218e+05
7.374334111111110542e+05
7.374334104166666511e+05
7.374334097222222481e+05
7.374334083333333256e+05
7.374334062500000000e+05
7.374334020833333489e+05
7.374334013888889458e+05
7.374334006944444263e+05
7.374330187500000466e+05
7.374330180555555271e+05
7.374328083333333489e+05
7.374328076388889458e+05
7.374323437500000000e+05
7.374323430555555969e+05
7.374323423611110775e+05
7.374323402777777519e+05
7.374323395833333489e+05
7.374323375000000233e+05
7.374323361111111008e+05
7.374323347222221782e+05
7.374323319444444496e+05
7.374323312500000466e+05
7.374323305555555271e+05
7.374323284722222015e+05
7.374323277777777985e+05
7.374320250000000233e+05
7.374320243055555038e+05
7.374320236111111008e+05
7.374320229166666977e+05
7.374319729166666511e+05
7.374319631944444263e+05
7.374318986111111008e+05
7.374318965277777752e+05
7.374318944444444496e+05
7.374318930555555271e+05
7.374318659722221782e+05
7.374318652777777752e+05
7.374318520833333023e+05
7.374318166666666511e+05
7.374318097222222714e+05
7.374318090277777519e+05
7.374317201388889225e+05
7.374317020833332790e+05
7.374317013888888760e+05
7.374316687499999534e+05
7.374316680555555504e+05
7.374316673611111473e+05
7.374316638888888992e+05
7.374316041666666279e+05
7.374314680555555969e+05
7.374313791666666511e+05
7.374313458333333256e+05
7.374313451388889225e+05
7.374313444444444031e+05
7.374313437500000000e+05
7.374313402777777519e+05
7.374313388888889458e+05
7.374310548611111008e+05
7.374310541666666977e+05
7.374310534722221782e+05
7.374310527777777752e+05
7.374310506944444496e+05
7.374309395833333256e+05
7.374308729166666744e+05
7.374308708333333489e+05
7.374308694444444263e+05
7.374308680555555038e+05
7.374308666666666977e+05
7.374308645833333721e+05
7.374308638888888527e+05
7.374308631944444496e+05
7.374307770833333489e+05
7.374307756944444263e+05
7.374307444444444263e+05
7.374307437500000233e+05
7.374307430555555038e+05
7.374307423611111008e+05
7.374307416666666977e+05
7.374307020833332790e+05
7.374307013888888760e+05
7.374307006944444729e+05
7.374306680555555504e+05
7.374306673611111473e+05
7.374306131944444496e+05
7.374306125000000466e+05
7.374306118055555271e+05
7.374306111111111240e+05
7.374306069444444729e+05
7.374304020833333489e+05
7.374300243055555038e+05
7.374299090277777286e+05
7.374297111111111008e+05
7.374289652777777519e+05
7.374289645833333489e+05
7.374288770833333256e+05
7.374288750000000000e+05
7.374287562499999767e+05
7.374287548611110542e+05
7.374287541666666511e+05
7.374286631944444962e+05
7.374286624999999767e+05
7.374278284722222015e+05
7.374278277777777985e+05
7.374278270833332790e+05
7.374278263888888760e+05
7.374278256944444729e+05
7.374278249999999534e+05
7.374276826388889458e+05
7.374276812500000233e+05
7.374276805555555038e+05
7.374276798611111008e+05
7.374273874999999534e+05
7.374273861111111473e+05
7.374267631944444729e+05
7.374267624999999534e+05
7.374267618055555504e+05
7.374267611111111473e+05
7.374267604166666279e+05
7.374267583333333023e+05
7.374267555555555737e+05
7.374264756944444962e+05
7.374264749999999767e+05
7.374258069444444263e+05
7.374258062500000233e+05
7.374256361111111473e+05
7.374256354166666279e+05
7.374256347222222248e+05
7.374254291666666977e+05
7.374254284722221782e+05
7.374248451388889225e+05
7.374246569444444031e+05
7.374245180555555271e+05
7.374240513888888527e+05
7.374222868055555737e+05
7.374214263888888527e+05
7.374214256944444496e+05
7.374207659722222015e+05
7.374206409722222015e+05
7.374202798611110775e+05
7.374202791666666744e+05
7.374194118055555737e+05
7.374194111111110542e+05
7.374176458333333721e+05
7.374172854166666511e+05
7.374172833333333256e+05
7.374166423611111240e+05
7.374166416666667210e+05
7.374166409722222015e+05
7.374151194444444263e+05
7.374141215277777519e+05
7.374135229166666977e+05
7.374133458333333256e+05
7.374122847222222481e+05
7.374111194444444263e+05
7.374098784722222481e+05
7.374098777777777286e+05
7.374042770833333489e+05
