7.374630000000000000e+05
7.374630000000000000e+05
7.374510000000000000e+05
7.374450000000000000e+05
7.374430000000000000e+05
7.374430000000000000e+05
7.374420000000000000e+05
7.374410000000000000e+05
7.374400000000000000e+05
7.374400000000000000e+05
7.374400000000000000e+05
7.374380000000000000e+05
7.374380000000000000e+05
7.374350000000000000e+05
7.374340000000000000e+05
7.374340000000000000e+05
7.374330000000000000e+05
7.374330000000000000e+05
7.374320000000000000e+05
7.374310000000000000e+05
7.374310000000000000e+05
7.374310000000000000e+05
7.374310000000000000e+05
7.374300000000000000e+05
7.374300000000000000e+05
7.374300000000000000e+05
7.374300000000000000e+05
7.374290000000000000e+05
7.374280000000000000e+05
7.374270000000000000e+05
7.374270000000000000e+05
7.374270000000000000e+05
7.374270000000000000e+05
7.374270000000000000e+05
7.374260000000000000e+05
7.374260000000000000e+05
7.374260000000000000e+05
7.374260000000000000e+05
7.374260000000000000e+05
7.374230000000000000e+05
7.374230000000000000e+05
7.374220000000000000e+05
7.374200000000000000e+05
7.374200000000000000e+05
7.374200000000000000e+05
7.374200000000000000e+05
7.374200000000000000e+05
7.374190000000000000e+05
7.374190000000000000e+05
7.374190000000000000e+05
7.374180000000000000e+05
7.374180000000000000e+05
7.374180000000000000e+05
7.374170000000000000e+05
7.374170000000000000e+05
7.374170000000000000e+05
7.374160000000000000e+05
7.374160000000000000e+05
7.374160000000000000e+05
7.374160000000000000e+05
7.374160000000000000e+05
7.374150000000000000e+05
7.374150000000000000e+05
7.374130000000000000e+05
7.374130000000000000e+05
7.374130000000000000e+05
7.374130000000000000e+05
7.374130000000000000e+05
7.374120000000000000e+05
7.374120000000000000e+05
7.374120000000000000e+05
7.374120000000000000e+05
7.374110000000000000e+05
7.374110000000000000e+05
7.374110000000000000e+05
7.374100000000000000e+05
7.374100000000000000e+05
7.374070000000000000e+05
7.374030000000000000e+05
7.374030000000000000e+05
7.374020000000000000e+05
7.373990000000000000e+05
7.373980000000000000e+05
7.373770000000000000e+05
