7.374590000000000000e+05
7.374540000000000000e+05
7.374500000000000000e+05
7.374500000000000000e+05
7.374500000000000000e+05
7.374470000000000000e+05
7.374460000000000000e+05
7.374440000000000000e+05
7.374440000000000000e+05
7.374400000000000000e+05
7.374400000000000000e+05
7.374400000000000000e+05
7.374400000000000000e+05
7.374400000000000000e+05
7.374390000000000000e+05
7.374380000000000000e+05
7.374360000000000000e+05
7.374360000000000000e+05
7.374360000000000000e+05
7.374350000000000000e+05
7.374350000000000000e+05
7.374330000000000000e+05
7.374330000000000000e+05
7.374330000000000000e+05
7.374330000000000000e+05
7.374320000000000000e+05
7.374320000000000000e+05
7.374320000000000000e+05
7.374320000000000000e+05
7.374320000000000000e+05
7.374310000000000000e+05
7.374310000000000000e+05
7.374300000000000000e+05
7.374300000000000000e+05
7.374300000000000000e+05
7.374290000000000000e+05
7.374280000000000000e+05
7.374280000000000000e+05
7.374270000000000000e+05
7.374270000000000000e+05
7.374260000000000000e+05
7.374260000000000000e+05
7.374260000000000000e+05
7.374240000000000000e+05
7.374240000000000000e+05
7.374230000000000000e+05
7.374200000000000000e+05
7.374190000000000000e+05
7.374190000000000000e+05
7.374180000000000000e+05
7.374180000000000000e+05
7.374160000000000000e+05
7.374150000000000000e+05
7.374140000000000000e+05
7.374130000000000000e+05
7.374120000000000000e+05
7.374120000000000000e+05
7.374120000000000000e+05
7.374120000000000000e+05
7.374120000000000000e+05
7.374120000000000000e+05
7.374120000000000000e+05
7.374120000000000000e+05
7.374120000000000000e+05
7.374110000000000000e+05
7.374110000000000000e+05
7.374110000000000000e+05
7.374110000000000000e+05
7.374100000000000000e+05
7.374080000000000000e+05
7.374050000000000000e+05
7.374050000000000000e+05
7.374050000000000000e+05
7.374020000000000000e+05
7.374010000000000000e+05
7.373990000000000000e+05
7.373990000000000000e+05
7.373880000000000000e+05
